NA NA NA NA NA NA NA NA NA NA NA NA NA NA NA NA NA NA NA NA NA NA NA NA NA NA NA NA NA NA NA NA NA NA NA NA NA NA NA NA NA NA NA NA NA NA NA NA NA NA 81 81 81 NA NA NA NA NA NA NA NA NA NA NA NA NA NA NA NA NA NA NA NA NA NA NA NA NA NA NA NA NA NA NA NA NA NA NA NA NA NA NA NA NA NA NA NA NA NA NA NA NA NA NA NA NA NA NA NA NA NA NA NA NA NA NA NA NA NA NA NA NA NA NA NA NA NA NA NA NA NA NA NA NA NA NA NA NA NA NA NA NA NA NA NA NA NA NA NA NA NA NA NA NA NA NA NA NA NA NA NA NA NA NA NA NA NA NA NA NA NA NA NA NA NA NA NA NA NA NA NA NA NA NA NA NA NA NA NA NA NA NA NA NA NA NA NA NA NA NA NA NA NA NA NA NA NA NA NA NA NA NA NA NA NA NA NA NA NA NA NA NA NA NA NA NA NA NA NA NA NA NA NA NA NA NA NA NA NA NA NA NA NA NA NA NA NA NA NA NA NA 
NA NA NA NA NA NA NA NA NA NA NA NA NA NA NA NA NA NA NA NA NA NA NA NA NA NA NA NA NA NA NA NA NA NA NA NA NA NA NA NA NA NA NA NA 82 82 82 82 82 82 81.75 81 81 81 81 NA NA NA NA NA NA NA NA NA NA NA 81 81 81 81 81 80 80 NA NA NA 80 NA NA NA NA NA NA NA NA NA NA NA NA NA NA NA NA NA NA NA NA NA NA NA NA NA NA NA NA NA NA NA NA NA NA NA NA NA NA NA NA NA NA NA NA NA NA NA NA NA NA NA NA NA NA NA NA NA NA NA NA NA NA NA NA NA NA NA NA NA NA NA NA NA NA NA NA NA NA NA NA NA NA NA NA NA NA NA NA NA NA NA NA NA NA NA NA NA NA NA NA NA NA NA NA NA NA NA NA NA NA NA NA NA NA NA NA NA NA NA NA NA NA NA NA NA NA NA NA NA NA NA NA NA NA NA NA NA NA NA NA NA NA NA NA NA NA NA NA NA NA NA NA NA NA NA NA NA NA NA NA NA NA NA NA NA NA NA NA NA NA NA NA NA NA 
NA NA NA NA NA NA NA NA NA NA NA NA NA NA NA NA NA NA NA NA NA NA NA NA NA NA NA NA NA NA NA NA NA NA NA NA NA NA NA NA NA NA 82 82 82 82 82 82 82 82 82 81.75 82 81.5 81.5 81 81 NA NA NA NA NA 81 81 81 81 81 81 81 81 81 80.75 80.66666 NA 80 80 80 80 80 NA 80 80 80 NA NA NA NA NA NA NA NA NA NA NA NA NA NA NA NA NA NA NA NA NA NA NA NA NA NA NA NA NA NA NA NA NA NA NA NA NA NA NA NA NA NA NA NA NA NA NA NA NA NA NA NA NA NA NA NA NA NA NA NA NA NA NA NA NA NA NA NA NA NA NA NA NA NA NA NA NA NA NA NA NA NA NA NA NA NA NA NA NA NA NA NA NA NA NA NA NA NA NA NA NA NA NA NA NA NA NA NA NA NA NA NA NA NA NA NA NA NA NA NA NA NA NA NA NA NA NA NA NA NA NA NA NA NA NA NA NA NA NA NA NA NA NA NA NA NA NA NA NA NA NA NA NA NA NA NA NA NA NA NA NA NA NA NA NA NA NA NA 
NA NA NA NA NA NA NA NA NA NA NA NA NA NA NA NA NA NA NA NA NA NA NA NA NA NA NA NA NA NA NA NA NA NA NA NA NA NA NA NA NA NA 82 82 82 82 82 82 82 82 82 82 82 82 82 82 81.75 81.25 81 81 81 81 81 81 81 81 81 81 81 81 81 81 81 81 81 80.75 80.5 80 80 80 80 80 80 80 80 NA NA NA NA NA NA NA NA NA NA NA NA NA NA NA NA NA NA NA NA NA NA NA NA NA NA NA NA NA NA NA NA NA NA NA NA NA NA NA NA NA NA NA NA NA NA NA NA NA NA NA NA NA NA NA NA NA NA NA NA NA NA NA NA NA NA NA NA NA NA NA NA NA NA NA NA NA NA NA NA NA NA NA NA NA NA NA NA NA NA NA NA NA NA NA NA NA NA NA NA NA NA NA NA NA NA NA NA NA NA NA NA NA NA NA NA NA NA NA NA NA NA NA NA NA NA NA NA NA NA NA NA NA NA NA NA NA NA NA NA NA NA NA NA NA NA NA NA NA NA NA NA NA NA NA NA NA NA NA NA NA NA NA NA NA NA 
NA NA NA NA NA NA NA NA NA NA NA NA NA NA NA NA NA NA NA NA NA NA NA NA NA NA NA NA NA NA NA NA NA NA NA NA NA NA NA NA NA NA 82 82 82 82 82 82 82 82 82 82 82 82 82 82 82 82 81.5 81.5 81 81 81 81 81 81 81 81 81 81 81 81 81 81 81 81 81 80.75 80.25 80 80 80 80 80 80 80 80 NA NA NA NA NA NA NA NA NA NA NA NA NA NA NA NA NA NA NA NA NA NA NA NA NA NA NA NA NA NA NA NA NA NA NA NA NA NA NA NA NA NA NA NA NA NA NA NA NA NA NA NA NA NA NA NA NA NA NA NA NA NA NA NA NA NA NA NA NA NA NA NA NA NA NA NA NA NA NA NA NA NA NA NA NA NA NA NA NA NA NA NA NA NA NA NA NA NA NA NA NA NA NA NA NA NA NA NA NA NA NA NA NA NA NA NA NA NA NA NA NA NA NA NA NA NA NA NA NA NA NA NA NA NA NA NA NA NA NA NA NA NA NA NA NA NA NA NA NA NA NA NA NA NA NA NA NA NA NA NA NA NA NA NA 
NA NA NA NA NA NA NA NA NA NA NA NA NA NA NA NA NA NA NA NA NA NA NA NA NA NA NA NA NA NA NA NA NA NA NA NA NA NA NA 82 82 82 82 82 82 82 82 82 82 82 82 82 82 82 82 82 82 82 82 82 82 82 81.5 81 81 81 81 81 81 81 81 81 81 81 81 81 81 81 81 80.75 80.5 80 80 80 80 80 80 80 NA NA NA NA NA NA NA NA NA NA NA NA NA NA NA NA NA NA NA NA NA NA NA NA NA NA NA NA NA NA NA NA NA NA NA NA NA NA NA NA NA NA NA NA NA NA NA NA NA NA NA NA NA NA NA NA NA NA NA NA NA NA NA NA NA NA NA NA NA NA NA NA NA NA NA NA NA NA NA NA NA NA NA NA NA NA NA NA NA NA NA NA NA NA NA NA NA NA NA NA NA NA NA NA NA NA NA NA NA NA NA NA NA NA NA NA NA NA NA NA NA NA NA NA NA NA NA NA NA NA NA NA NA NA NA NA NA NA NA NA NA NA NA NA NA NA NA NA NA NA NA NA NA NA NA NA NA NA NA NA NA NA NA 
NA NA NA NA NA NA NA NA NA NA NA NA NA NA NA NA NA NA NA NA NA NA NA NA NA NA NA NA NA NA NA NA NA NA NA NA NA NA NA 82 82 82 82 82 82 82 82 82 82 82 82 82 82 82 82 82 82 82 82 82 82 82 82 81.75 81 81 81 81 81 81 81 81 81 81 81 81 81 81 81 81 81 80.75 80.5 80 80 80 80 80 80 NA NA NA NA NA NA NA NA NA NA NA NA NA NA NA NA NA NA NA NA NA NA NA NA NA NA NA NA NA NA NA NA NA NA NA NA NA NA NA NA NA NA NA NA NA NA NA NA NA NA NA NA NA NA NA NA NA NA NA NA NA NA NA NA NA NA NA NA NA NA NA NA NA NA NA NA NA NA NA NA NA NA NA NA NA NA NA NA NA NA NA NA NA NA NA NA NA NA NA NA NA NA NA NA NA NA NA NA NA NA NA NA NA NA NA NA NA NA NA NA NA NA NA NA NA NA NA NA NA NA NA NA NA NA NA NA NA NA NA NA NA NA NA NA NA NA NA NA NA NA NA NA NA NA NA NA NA NA NA NA NA NA 
NA NA NA NA NA NA NA NA NA NA NA NA NA NA NA NA NA NA NA NA NA NA NA NA NA NA NA NA NA NA NA NA NA NA NA NA NA 83 83 82 82 82 82 82 82 82 82 82 82 82 82 82 82 82 82 82 82 82 82 82 82 82 82 82 82 81.75 81.25 81.25 81.25 81 81 81 81 81 81 81 81 81 81 81 81 81 81 80.75 80.25 80 80 80 80 80 NA NA NA NA NA NA NA NA NA NA NA NA NA NA NA NA NA NA NA NA NA NA NA NA NA NA NA NA NA NA NA NA NA NA NA NA NA NA NA NA NA NA NA NA NA NA NA NA NA NA NA NA NA NA NA NA NA NA NA NA NA NA NA NA NA NA NA NA NA NA NA NA NA NA NA NA NA NA NA NA NA NA NA NA NA NA NA NA NA NA NA NA NA NA NA NA NA NA NA NA NA NA NA NA NA NA NA NA NA NA NA NA NA NA NA NA NA NA NA NA NA NA NA NA NA NA NA NA NA NA NA NA NA NA NA NA NA NA NA NA NA NA NA NA NA NA NA NA NA NA NA NA NA NA NA NA NA NA NA NA NA 
NA NA NA NA NA NA NA NA NA NA NA NA NA NA NA NA NA NA NA NA NA NA NA NA NA NA NA NA NA NA NA NA 83 NA NA NA 83 83 83 83 83 83 82.5 83 82.5 82.5 82 82 82 82 82 82 82 82 82 82 82 82 82 82 82 82 82 82 82 82 82 82 82 81.75 81.25 81 81 81 81 81 81 81 81 81 81 81 81 81 81 81 80.5 80.25 80 80 80 NA NA NA NA NA NA NA NA NA NA NA NA NA NA NA NA NA NA NA NA NA NA NA NA NA NA NA NA NA NA NA NA NA NA NA NA NA NA NA NA NA NA NA NA NA NA NA NA NA NA NA NA NA NA NA NA NA NA NA NA NA NA NA NA NA NA NA NA NA NA NA NA NA NA NA NA NA NA NA NA NA NA NA NA NA NA NA NA NA NA NA NA NA NA NA NA NA NA NA NA NA NA NA NA NA NA NA NA NA NA NA NA NA NA NA NA NA NA NA NA NA NA NA NA NA NA NA NA NA NA NA NA NA NA NA NA NA NA NA NA NA NA NA NA NA NA NA NA NA NA NA NA NA NA NA NA NA NA NA NA 
NA NA NA NA NA NA NA NA NA NA NA NA NA NA NA NA NA 83 83 NA NA NA NA NA NA NA NA NA NA NA 83 83 83 83 83 83 83 83 83 83 83 83 83 83 83 83 82.75 82.5 82 82 82 82 82 82 82 82 82 82 82 82 82 82 82 82 82 82 82 82 82 82 82 81 81 81 81 81 81 81 81 81 81 81 81 81 81 81 81 81 80.5 80 80 80 NA NA NA NA NA NA NA NA NA NA NA NA NA NA NA NA NA NA NA NA NA NA NA NA NA NA NA NA NA NA NA NA NA NA NA NA NA NA NA NA NA NA NA NA NA NA NA NA NA NA NA NA NA NA NA NA NA NA NA NA NA NA NA NA NA NA NA NA NA NA NA NA NA NA NA NA NA NA NA NA NA NA NA NA NA NA NA NA NA NA NA NA NA NA NA NA NA NA NA NA NA NA NA NA NA NA NA NA NA NA NA NA NA NA NA NA NA NA NA NA NA NA NA NA NA NA NA NA NA NA NA NA NA NA NA NA NA NA NA NA NA NA NA NA NA NA NA NA NA NA NA NA NA NA NA NA NA NA NA 
NA NA NA NA NA NA NA NA NA NA NA NA NA NA NA NA 83.25 83.25 83.5 83.5 NA NA NA NA NA NA NA NA 83 83 83 83 83 83 83 83 83 83 83 83 83 83 83 83 83 83 83 83 83 83 83 82.5 82.25 82 82 82 82 82 82 82 82 82 82 82 82 82 82 82 82 82 82 81.75 81.5 81 81 81 81 81 81 81 81 81 81 81 81 81 81 81 81 81 80.5 80 NA NA NA NA NA NA NA NA NA NA NA NA NA NA NA NA NA NA NA NA NA NA NA NA NA NA NA NA NA NA NA NA NA NA NA NA NA NA NA NA NA NA NA NA NA NA NA NA NA NA NA NA NA NA NA NA NA NA NA NA NA NA NA NA NA NA NA NA NA NA NA NA NA NA NA NA NA NA NA NA NA NA NA NA NA NA NA NA NA NA NA NA NA NA NA NA NA NA NA NA NA NA NA NA NA NA NA NA NA NA NA NA NA NA NA NA NA NA NA NA NA NA NA NA NA NA NA NA NA NA NA NA NA NA NA NA NA NA NA NA NA NA NA NA NA NA NA NA NA NA NA NA NA NA NA NA NA NA NA 
NA NA NA NA NA NA NA NA NA NA NA NA NA NA NA 84 84 84 84 84 83.5 NA NA 83 83 NA 83 83 NA 83 83 83 83 83 83 83 83 83 83 83 83 83 83 83 83 83 83 83 83 83 83 83 83 83 82.5 82.25 82 82 82 82 82 82 82 82 82 82 82 82 82 82 82 82 82 82 82 81.5 81 81 81 81 81 81 81 81 81 81 81 81 81 81 81 81 NA NA NA NA NA NA NA NA NA NA NA NA NA NA NA NA NA NA NA NA NA NA NA NA NA NA NA NA NA NA NA NA NA NA NA NA NA NA NA NA NA NA NA NA NA NA NA NA NA NA NA NA NA NA NA NA NA NA NA NA NA NA NA NA NA NA NA NA NA NA NA NA NA NA NA NA NA NA NA NA NA NA NA NA NA NA NA NA NA NA NA NA NA NA NA NA NA NA NA NA NA NA NA NA NA NA NA NA NA NA NA NA NA NA NA NA NA NA NA NA NA NA NA NA NA NA NA NA NA NA NA NA NA NA NA NA NA NA NA NA NA NA NA NA NA NA NA NA NA NA NA NA NA NA NA NA NA NA NA 
NA NA NA NA NA NA NA NA NA NA NA NA NA NA NA 84 84 84 84 84 84 83 83 83 83 83 83 83 83 83 83 83 83 83 83 83 83 83 83 83 83 83 83 83 83 83 83 83 83 83 83 83 83 83 83 83 83 82.5 82.5 82 82 82 82 82 82 82 82 82 82 82 82 82 82 82 82 82 82 81.75 81.5 81 81 81 81 81 81 81 81 81 81 81 81 81 81 81 NA NA NA NA NA NA NA NA NA NA NA NA NA NA NA NA NA NA NA NA NA NA NA NA NA NA NA NA NA NA NA NA NA NA NA NA NA NA NA NA NA NA NA NA NA NA NA NA NA NA NA NA NA NA NA NA NA NA NA NA NA NA NA NA NA NA NA NA NA NA NA NA NA NA NA NA NA NA NA NA NA NA NA NA NA NA NA NA NA NA NA NA NA NA NA NA NA NA NA NA NA NA NA NA NA NA NA NA NA NA NA NA NA NA NA NA NA NA NA NA NA NA NA NA NA NA NA NA NA NA NA NA NA NA NA NA NA NA NA NA NA NA NA NA NA NA NA NA NA NA NA NA NA NA NA NA NA 
NA NA NA NA NA NA NA NA NA NA NA NA 84 84 84 84 84 84 84 84 84 83 83 83 83 83 83 83 83 83 83 83 83 83 83 83 83 83 83 83 83 83 83 83 83 83 83 83 83 83 83 83 83 83 83 83 83 83 83 83 82.75 82.25 82 82 82 82 82 82 82 82 82 82 82 82 82 82 82 82 82 82 81.5 81.25 81 81 81 81 81 81 81 81 81 81 81 81 81 81 81 81 81 NA NA NA NA NA NA NA NA NA NA NA NA NA NA NA NA NA NA NA NA NA NA NA NA NA NA NA NA NA NA NA NA NA NA NA NA NA NA NA NA NA NA NA NA NA NA NA NA NA NA NA NA NA NA NA NA NA NA NA NA NA NA NA NA NA NA NA NA NA NA NA NA NA NA NA NA NA NA NA NA NA NA NA NA NA NA NA NA NA NA NA NA NA NA NA NA NA NA NA NA NA NA NA NA NA NA NA NA NA NA NA NA NA NA NA NA NA NA NA NA NA NA NA NA NA NA NA NA NA NA NA NA NA NA NA NA NA NA NA NA NA NA NA NA NA NA NA NA NA NA NA NA 
NA NA NA NA NA NA NA NA NA NA NA 84 84 84 84 84 84 84 84 84 84 83 83 83 83 83 83 83 83 83 83 83 83 83 83 83 83 83 83 83 83 83 83 83 83 83 83 83 83 83 83 83 83 83 83 83 83 83 83 83 83 83 83 82.5 82 82 82 82 82 82 82 82 82 82 82 82 82 82 82 82 82 82 81.5 81 81 81 81 81 81 81 81 81 81 81 81 81 81 81 81 81 NA NA NA NA NA NA NA NA NA NA NA NA NA NA NA NA NA NA NA NA NA NA NA NA NA NA NA NA NA NA NA NA NA NA NA NA NA NA NA NA NA NA NA NA NA NA NA NA NA NA NA NA NA NA NA NA NA NA NA NA NA NA NA NA NA NA NA NA NA NA NA NA NA NA NA NA NA NA NA NA NA NA NA NA NA NA NA NA NA NA NA NA NA NA NA NA NA NA NA NA NA NA NA NA NA NA NA NA NA NA NA NA NA NA NA NA NA NA NA NA NA NA NA NA NA NA NA NA NA NA NA NA NA NA NA NA NA NA NA NA NA NA NA NA NA NA NA NA NA NA NA 
NA NA NA NA NA 84 84 NA NA NA NA 84 84 84 84 84 84 84 84 84 84 83 83 83 83 83 83.5 83.5 83 83 83 83 83 83 83 83 83 83 83 83 83 83 83 83 83 83 83 83 83 83 83 83 83 83 83 83 83 83 83 83 83 83 83 83 83 82.75 82.25 82 82 82 82 82 82 82 82 82 82 82 82 82 82 82 82 82 81.75 81 81 81 81 81 81 81 81 81 81 81 81 81 81 81 81 NA NA NA NA NA NA NA NA NA NA NA NA NA NA NA NA NA NA NA NA NA NA NA NA NA NA NA NA NA NA NA NA NA NA NA NA NA NA NA NA NA NA NA NA NA NA NA NA NA NA NA NA NA NA NA NA NA NA NA NA NA NA NA NA NA NA NA NA NA NA NA NA NA NA NA NA NA NA NA NA NA NA NA NA NA NA NA NA NA NA NA NA NA NA NA NA NA NA NA NA NA NA NA NA NA NA NA NA NA NA NA NA NA NA NA NA NA NA NA NA NA NA NA NA NA NA NA NA NA NA NA NA NA NA NA NA NA NA NA NA NA NA NA NA NA NA NA NA NA NA 
NA NA NA 84 84 84 84 84 84 84 84 84 84 84 84 84 84 84 84 84 84 83.5 83.5 83.75 83.75 84 84 84 84 84 84 84 84 83.5 83.25 83 83 83 83 83 83 83 83 83 83 83 83 83 83 83 83 83 83 83 83 83 83 83 83 83 83 83 83 83 83 83 83 82.75 82.25 82 82 82 82 82 82 82 82 82 82 82 82 82 82 82 82 81.75 81.5 81.25 81 81 81 81 81 81 81 81 81 81 81 81 81 NA NA NA NA NA NA NA NA NA NA NA NA NA NA NA NA NA NA NA NA NA NA NA NA NA NA NA NA NA NA NA NA NA NA NA NA NA NA NA NA NA NA NA NA NA NA NA NA NA NA NA NA NA NA NA NA NA NA NA NA NA NA NA NA NA NA NA NA NA NA NA NA NA NA NA NA NA NA NA NA NA NA NA NA NA NA NA NA NA NA NA NA NA NA NA NA NA NA NA NA NA NA NA NA NA NA NA NA NA NA NA NA NA NA NA NA NA NA NA NA NA NA NA NA NA NA NA NA NA NA NA NA NA NA NA NA NA NA NA NA NA NA NA NA NA NA NA NA NA NA 
84 84 84 84 84 84 84 84 84 84 84 84 84 84 84 84 84 84 84 84 84 84 84 84 84 84 84 84 84 84 84 84 84 84 84 84 83.5 83.5 83.5 83.25 83 83 83 83 83 83 83 83 83 83 83 83 83 83 83 83 83 83 83 83 83 83 83 83 83 83 83 83 83 82.5 82.25 82 82 82 82 82 82 82 82 82 82 82 82 82 82 82 82 82 81.5 81 81 81 81 81 81 81 81 81 81 81 81 81 NA 81 81 81 NA NA NA NA NA NA NA NA NA NA NA NA NA NA NA NA NA NA NA NA NA NA NA NA NA NA NA NA NA NA NA NA NA NA NA NA NA NA NA NA NA NA NA NA NA NA NA NA NA NA NA NA NA NA NA NA NA NA NA NA NA NA NA NA NA NA NA NA NA NA NA NA NA NA NA NA NA NA NA NA NA NA NA NA NA NA NA NA NA NA NA NA NA NA NA NA NA NA NA NA NA NA NA NA NA NA NA NA NA NA NA NA NA NA NA NA NA NA NA NA NA NA NA NA NA NA NA NA NA NA NA NA NA NA NA NA NA NA NA NA NA NA NA NA NA 
NA 84 84 84 84 84 84 84 84 84 84 84 84 84 84 84 84 84 84 84 84 84 84 84 84 84 84 84 84 84 84 84 84 84 84 84 84 84 84 84 84 84 83.75 83.5 83.25 83 83 83 83 83 83 83 83 83 83 83 83 83 83 83 83 83 83 83 83 83 83 83 83 83 82.75 82.5 82 82 82 82 82 82 82 82 82 82 82 82 82 82 82 82 82 82 81.5 81 81 81 81 81 81.25 81 81 81 81 81 81 81 81 81 NA NA NA NA NA NA NA NA NA NA NA NA NA NA NA NA NA NA NA NA NA NA NA NA NA NA NA NA NA NA NA NA NA NA NA NA NA NA NA NA NA NA NA NA NA NA NA NA NA NA NA NA NA NA NA NA NA NA NA NA NA NA NA NA NA NA NA NA NA NA NA NA NA NA NA NA NA NA NA NA NA NA NA NA NA NA NA NA NA NA NA NA NA NA NA NA NA NA NA NA NA NA NA NA NA NA NA NA NA NA NA NA NA NA NA NA NA NA NA NA NA NA NA NA NA NA NA NA NA NA NA NA NA NA NA NA NA NA NA NA NA NA NA NA NA 
NA 84 84 84 84 84 84 84 84 84 84 84 84 84 84 84 84 84 84 84 84 84 84 84 84 84 84 84 84 84 84 84 84 84 84 84 84 84 84 84 84 84 84 84 84 84 83.5 83.25 83 83 83 83 83 83 83 83 83 83 83 83 83 83 83 83 83 83 83 83 83 83 83 83 82.75 83 83 82.5 82 82 82 82 82 82 82 82 82 82 82 82 82 82 82 82 81.5 81 81 81 82 81.75 81 81 81 81 81 81 81 81 81 81 NA NA NA NA NA NA NA NA NA NA NA NA NA NA NA NA NA NA NA NA NA NA NA NA NA NA NA NA NA NA NA NA NA NA NA NA NA NA NA NA NA NA NA NA NA NA NA NA NA NA NA NA NA NA NA NA NA NA NA NA NA NA NA NA NA NA NA NA NA NA NA NA NA NA NA NA NA NA NA NA NA NA NA NA NA NA NA NA NA NA NA NA NA NA NA NA NA NA NA NA NA NA NA NA NA NA NA NA NA NA NA NA NA NA NA NA NA NA NA NA NA NA NA NA NA NA NA NA NA NA NA NA NA NA NA NA NA NA NA NA NA NA NA 
NA NA 84 84 84 84 84 84 84 84 84 84 84 84 84 84 84 84 84 84 84 84 84 84 84 84 84 84 84 84 84 84 84 84 84 84 84 84 84 84 84 84 84 84 84 84 84 83.75 83.25 84 83.75 83.75 83.5 83.25 83 83 83 83 83 83 83 83 83 83 83 83 83 83 83 83 83 83 83 83 83 83 82.75 82.25 82 82 82 82 82 82 82 82 82 82 82 82 82 82 82 81.75 81.25 81 82 82 82 81.25 81 81 81 81 81 81 81 81 81 NA NA NA NA NA NA NA NA NA NA NA NA NA NA NA NA NA NA NA NA NA NA NA NA NA NA NA NA NA NA NA NA NA NA NA NA NA NA NA NA NA NA NA NA NA NA NA NA NA NA NA NA NA NA NA NA NA NA NA NA NA NA NA NA NA NA NA NA NA NA NA NA NA NA NA NA NA NA NA NA NA NA NA NA NA NA NA NA NA NA NA NA NA NA NA NA NA NA NA NA NA NA NA NA NA NA NA NA NA NA NA NA NA NA NA NA NA NA NA NA NA NA NA NA NA NA NA NA NA NA NA NA NA NA NA NA NA NA NA NA NA NA 
NA NA 84 84 84 84 84 84 84 84 84 84 84 84 84 84 84 84 84 84 84 83.5 83.5 83.5 83.5 83.5 83.5 83.5 83.5 83.5 83.5 83.5 83.5 83.5 83.5 83.5 83.5 83.5 83.5 83.5 83.5 83.5 83.5 83.5 83.5 83.5 83.5 83.5 83.5 83.5 83.5 83.5 83.5 83.5 83.5 83 83 83 83 83 83 83 83 82.5 82.5 82.5 82.5 82.5 82.5 82.5 82.5 82.5 82.5 82.5 82.5 82.5 82.5 82.5 82.25 82 82 82 82 82 82 82 82 82 81.75 81.5 81.5 81.5 81.5 81.5 81.5 81.25 81.5 81.5 81.5 81.5 81 81 81 81 81 80.75 80.5 80.5 80.5 80.5 NA NA NA NA NA NA NA NA NA NA NA NA NA NA NA NA NA NA NA NA NA NA NA NA NA NA NA NA NA NA NA NA NA NA NA NA NA NA NA NA NA NA NA NA NA NA NA NA NA NA NA NA NA NA NA NA NA NA NA NA NA NA NA NA NA NA NA NA NA NA NA NA NA NA NA NA NA NA NA NA NA NA NA NA NA NA NA NA NA NA NA NA NA NA NA NA NA NA NA NA NA NA NA NA NA NA NA NA NA NA NA NA NA NA NA NA NA NA NA NA NA NA NA NA NA NA NA NA NA NA NA NA NA NA NA NA NA NA NA NA NA 
NA NA 84 84 84 84 84 84 84 84 84 84 84 84 84 84 84 84 84 84 84 83 83 83 83 83 83 83 83 83 83 83 83 83 83 83 83 83 83 83 83 83 83 83 83 83 83 83 83 83 83 83 83 83 83 83 83 83 83 83 83 83 83 83 82.75 82.5 82.25 82 82 82 82 82.75 82.25 82 82 82 82 82 82 82 82 82 82 82 82 82 82 82 82 81.5 81 81 81 81 81 81 81 81 81 81 81 81 81 81 81 81 80.75 80 80 80 NA NA NA NA NA NA NA NA NA NA NA NA NA NA NA NA NA NA NA NA NA NA NA NA NA NA NA NA NA NA NA NA NA NA NA NA NA NA NA NA NA NA NA NA NA NA NA NA NA NA NA NA NA NA NA NA NA NA NA NA NA NA NA NA NA NA NA NA NA NA NA NA NA NA NA NA NA NA NA NA NA NA NA NA NA NA NA NA NA NA NA NA NA NA NA NA NA NA NA NA NA NA NA NA NA NA NA NA NA NA NA NA NA NA NA NA NA NA NA NA NA NA NA NA NA NA NA NA NA NA NA NA NA NA NA NA NA NA NA NA NA 
NA NA 84 84 84 84 84 84 84 84 84 84 84 84 84 84 84 84 84 84 84 84 84 84 83.25 83 83 83 83 83 83.5 83.5 83.5 83.5 83.25 83 83 83 83 83 83 83 83 83 83 83 83 83 83 83 83 83 83 83 83 83 83 83 83 83 83 83 83 83 83 83 83 82.75 82.25 82 82 83 83 83 82.75 82.75 82.25 82 82 82 82 82 82 82 82 82 82 82 82 82 82 81.75 81.25 81 81 81 81.75 81.25 81 81 81 81 81 81 81 81 81 80.75 80 80 80 NA NA NA NA NA NA NA NA NA NA NA NA NA NA NA NA NA NA NA NA NA NA NA NA NA NA NA NA NA NA NA NA NA NA NA NA NA NA NA NA NA NA NA NA NA NA NA NA NA NA NA NA NA NA NA NA NA NA NA NA NA NA NA NA NA NA NA NA NA NA NA NA NA NA NA NA NA NA NA NA NA NA NA NA NA NA NA NA NA NA NA NA NA NA NA NA NA NA NA NA NA NA NA NA NA NA NA NA NA NA NA NA NA NA NA NA NA NA NA NA NA NA NA NA NA NA NA NA NA NA NA NA NA NA NA NA NA NA NA NA 
NA NA NA 84 84 84 84 84 84 84 84 84 84 84 84 84 84 84 84 84 84 84 84 84 84 84 83.75 83.75 83.75 83.75 84 84 84 84 84 84 84 83.75 83.5 83.5 83.5 83 83 83 83 83 83 83 83 83 83 83 83 83 83 83 83 83 83 83 83 83 83 83 83 83 83 83 83 83 83 83 83 83 83 83 83 82.75 82 82 82 82 82 82 82 82 82 82 82 82 82 82 82 81.5 81 81 82 82 81.25 81 81 81 81 81 81 81 81 81 81 80.25 80 80 NA NA NA NA NA NA 80 NA NA NA NA NA NA NA NA NA NA NA NA NA NA NA NA NA NA NA NA NA NA NA NA NA NA NA NA NA NA NA NA NA NA NA NA NA NA NA NA NA NA NA NA NA NA NA NA NA NA NA NA NA NA NA NA NA NA NA NA NA NA NA NA NA NA NA NA NA NA NA NA NA NA NA NA NA NA NA NA NA NA NA NA NA NA NA NA NA NA NA NA NA NA NA NA NA NA NA NA NA NA NA NA NA NA NA NA NA NA NA NA NA NA NA NA NA NA NA NA NA NA NA NA NA NA NA NA NA NA NA NA 
NA NA NA NA 84 84 84 84 84 84 84 84 84 84 84 84 84 84 84 84 84 84 84 84 84 84 84 84 84 84 84 84 84 84 84 84 84 84 84 84 84 84 84 84 83.5 83 83 83 83 83 83 83 83 83 83 83 83 83 83 83 83 83 83 83 83 83 83 83 83 83 83 83 83 83 83 83 83 83 83 82.5 82 82 82 82 82 82 82 82 82 82 82 82 82 82 82 81.25 82 82 82 81.5 81 81 81 81 81 81 81 81 81 81 80.25 80 80 NA NA NA NA 80 80 79.75 NA NA NA NA NA NA NA NA NA NA NA NA NA NA NA NA NA NA NA NA NA NA NA NA NA NA NA NA NA NA NA NA NA NA NA NA NA NA NA NA NA NA NA NA NA NA NA NA NA NA NA NA NA NA NA NA NA NA NA NA NA NA NA NA NA NA NA NA NA NA NA NA NA NA NA NA NA NA NA NA NA NA NA NA NA NA NA NA NA NA NA NA NA NA NA NA NA NA NA NA NA NA NA NA NA NA NA NA NA NA NA NA NA NA NA NA NA NA NA NA NA NA NA NA NA NA NA NA NA NA NA 
NA NA NA NA NA 84 84 84 84 84 84 84 84 84 84 84 84 84 84 84 84 84 84 84 84 84 84 84 84 84 84 84 84 84 84 84 84 84 84 84 84 84 84 84 84 83.75 83 83 83.25 83 83.5 83.25 83 83 83 83 83 83 83 83 83 83 83 83 83 83 83 83 83 83 83 83 83 83 83 83 83 83 83 83 83 82.5 82.5 82 82 82 82 82 82 82 82 82 82 82 82 82 82 82 82 82 81.75 81 81 81 81 81 81 81 81 81 81 80.25 80 80 80 80 80 80 80 80 NA NA NA NA NA NA NA NA NA NA NA NA NA NA NA NA NA NA NA NA NA NA NA NA NA NA NA NA NA NA NA NA NA NA NA NA NA NA NA NA NA NA NA NA NA NA NA NA NA NA NA NA NA NA NA NA NA NA NA NA NA NA NA NA NA NA NA NA NA NA NA NA NA NA NA NA NA NA NA NA NA NA NA NA NA NA NA NA NA NA NA NA NA NA NA NA NA NA NA NA NA NA NA NA NA NA NA NA NA NA NA NA NA NA NA NA NA NA NA NA NA NA NA NA NA NA NA NA NA NA NA 
NA NA NA NA NA 84 84 84 84 84 84 84 84 84 84 84 84 84 84 84 84 84 84 84 84 84 84 84 84 84 84 84 84 84 84 84 84 84 84 84 84 84 84 84 84 84 84 83 84 84 84 84 84 83.5 83.5 83.25 83 83 83 83 83 83 83 83 83 83 83 83 83 83 83 83 83 83 83 83 83 83 83 83 83 83 83 83 82.75 82 82 82 82 82 82 82 82 82 82 82 82 82 82 82 82 82 81.5 81 81 81 81 81 81 81 81 81 80.75 80 80 80 80 80 80 NA NA NA NA NA NA NA NA NA NA NA NA NA NA NA NA NA NA NA NA NA NA NA NA NA NA NA NA NA NA NA NA NA NA NA NA NA NA NA NA NA NA NA NA NA NA NA NA NA NA NA NA NA NA NA NA NA NA NA NA NA NA NA NA NA NA NA NA NA NA NA NA NA NA NA NA NA NA NA NA NA NA NA NA NA NA NA NA NA NA NA NA NA NA NA NA NA NA NA NA NA NA NA NA NA NA NA NA NA NA NA NA NA NA NA NA NA NA NA NA NA NA NA NA NA NA NA NA NA NA NA NA 
NA NA NA NA NA 84 84 84 84 84 84 84 84 84 84 84 84 84 84 84 84 84 84 84 84 84 84 84 84 84 84 84 84 84 84 84 84 84 84 84 84 84 84 84 84 84 84 84 84 84 84 84 84 84 84 84 84 83.75 83.5 83 83 83 83 83 83 83 83 83 83 83 83 83 83 83 83 83 83 83 83 83 83 83 83 83 83 83 82.5 82 82 82 82 82 82 82 82 82 82 82 82 82 82 82 82 81.25 81 81 81 81 81 81 81 81 81 80.75 80 80 80 80 80 NA NA NA NA NA NA NA NA NA NA NA NA NA NA NA NA NA NA NA NA NA NA NA NA NA NA NA NA NA NA NA NA NA NA NA NA NA NA NA NA NA NA NA NA NA NA NA NA NA NA NA NA NA NA NA NA NA NA NA NA NA NA NA NA NA NA NA NA NA NA NA NA NA NA NA NA NA NA NA NA NA NA NA NA NA NA NA NA NA NA NA NA NA NA NA NA NA NA NA NA NA NA NA NA NA NA NA NA NA NA NA NA NA NA NA NA NA NA NA NA NA NA NA NA NA NA NA NA NA NA NA NA 
NA NA NA NA NA NA 84 84 84 84 84 84 84 84 84 84 84 84 84 84 84 84 84 84 84 84 84 84 84 84 84 84 84 84 84 84 84 84 84 84 84 84 84 84 84 84 84 84 84 84 84 84 84 84 84 84 84 84 84 84 84 83.5 83.25 83 83 83 83 83 83 83 83 83 83 83 83 83 83 83 83 83 83 83 83 83 83 83 83 83 82.5 82.25 82 82 82 82 82 82 82 82 82 82 82 82 82 82 81.75 81 81 81 81 81 81 81 81 81 80.75 80 80 80 80 NA NA NA NA NA NA NA NA NA NA NA NA NA NA NA NA NA NA NA NA NA NA NA NA NA NA NA NA NA NA NA NA NA NA NA NA NA NA NA NA NA NA NA NA NA NA NA NA NA NA NA NA NA NA NA NA NA NA NA NA NA NA NA NA NA NA NA NA NA NA NA NA NA NA NA NA NA NA NA NA NA NA NA NA NA NA NA NA NA NA NA NA NA NA NA NA NA NA NA NA NA NA NA NA NA NA NA NA NA NA NA NA NA NA NA NA NA NA NA NA NA NA NA NA NA NA NA NA NA NA NA NA 
NA NA NA NA NA NA NA 84 84.33334 84 84 84 84 84 84 84 84 84 84 84 84 84 84 84 84 84 84 84 84 84 84 84 84 84 84 84 84 84 84 84 84 84 84 84 84 84 84 84 84 84 84 84 84 84 84 84 84 84 84 84 84 84 84 84 83.5 83.25 83.25 83 83 83 83 84 83.5 83.25 83 83 83 83 83 83 83 83 83 83 83 83 83 83 83 83 82.5 82 82 82 82 82 82 82 82 82 82 82 82 82 82 81.75 81 81 81 81 81 81 81 81 81 81 80.5 80 80 NA NA NA NA NA NA NA NA NA NA NA NA NA NA NA NA NA NA NA NA NA NA NA NA NA NA NA NA NA NA NA NA NA NA NA NA NA NA NA NA NA NA NA NA NA NA NA NA NA NA NA NA NA NA NA NA NA NA NA NA NA NA NA NA NA NA NA NA NA NA NA NA NA NA NA NA NA NA NA NA NA NA NA NA NA NA NA NA NA NA NA NA NA NA NA NA NA NA NA NA NA NA NA NA NA NA NA NA NA NA NA NA NA NA NA NA NA NA NA NA NA NA NA NA NA NA NA NA NA NA NA NA 
NA NA NA NA NA NA NA NA NA 85 85 85 84.5 84.5 84.5 85 85 84.75 84.5 84.5 84.5 84 84 84 84 84 84 84 84 84 84 84 84 84 84 84 84 84 84 84 84 84 84 84 84 84 84 84 84 84 84 84 84 84 84 84 84 84 84 84 84 84 84 84 84 84 84 84 83.5 83.5 83 84 84 84 83.75 83.25 83 83 83 83 83 83 83 83 83 83 83 83 83 83 83 83 82.5 82 82 82 82 82 82 82 82 82 82 82 82 82 82 81.25 81 81 81 81 81 81 81 81 81 80.5 80 NA NA NA NA NA NA NA NA NA NA NA NA NA NA NA NA NA NA NA NA NA NA NA NA NA NA NA NA NA NA NA NA NA NA NA NA NA NA NA NA NA NA NA NA NA NA NA NA NA NA NA NA NA NA NA NA NA NA NA NA NA NA NA NA NA NA NA NA NA NA NA NA NA NA NA NA NA NA NA NA NA NA NA NA NA NA NA NA NA NA NA NA NA NA NA NA NA NA NA NA NA NA NA NA NA NA NA NA NA NA NA NA NA NA NA NA NA NA NA NA NA NA NA NA NA NA NA NA NA NA NA NA 
NA NA NA NA NA NA NA NA 85 85 85 85 85 85 85 85 85 85 85 85 85 84 84 84 84 84 84 84 84 84 84 84 84 84 84 84 84 84 84 84 84 84 84 84 84 84 84 84 84 84 84 84 84 84 84 84 84 84 84 84 84 84 84 84 84 84 84 84 84 84 84 84 84 84 84 84 84 83.5 83 83 83 83 83 83 83 83 83 83 83 83 83 83 83 82.75 82.25 82 83 82.25 82 82 82 82 82 82 82 82 82 82 81.25 81 81 81 81 81 81 81 81 81 80.33334 NA NA NA NA NA NA NA NA NA NA NA NA NA NA NA NA NA NA NA NA NA NA NA NA NA NA NA NA NA NA NA NA NA NA NA NA NA NA NA NA NA NA NA NA NA NA NA NA NA NA NA NA NA NA NA NA NA NA NA NA NA NA NA NA NA NA NA NA NA NA NA NA NA NA NA NA NA NA NA NA NA NA NA NA NA NA NA NA NA NA NA NA NA NA NA NA NA NA NA NA NA NA NA NA NA NA NA NA NA NA NA NA NA NA NA NA NA NA NA NA NA NA NA NA NA NA NA NA NA NA NA NA 
NA NA NA NA NA NA NA 85 85 85 85 85 85 85 85 85 85 85 85 85 85 84.5 84.5 84.5 84.5 84.5 84.5 84.5 84.5 84.5 84.5 84.5 84 84 84 84 84 84 84 84 84 84 84 84 84 84 84 84 84 84 84 84 84 84 84 84 84 84 84 84 84 84 84 84 84 84 84 84 84 84 84 84 84 84 84 84 84 84 84 83.5 83 83 83 83 83 83 83 83 83 83 83 83 83 83 83 82.75 83 83 82.25 82 82 82 82 82 82 82 82 82 82 82 81.25 81 81 81 81 81 81 81 NA NA NA NA NA NA NA NA NA NA NA NA NA NA NA NA NA NA NA NA NA NA NA NA NA NA NA NA NA NA NA NA NA NA NA NA NA NA NA NA NA NA NA NA NA NA NA NA NA NA NA NA NA NA NA NA NA NA NA NA NA NA NA NA NA NA NA NA NA NA NA NA NA NA NA NA NA NA NA NA NA NA NA NA NA NA NA NA NA NA NA NA NA NA NA NA NA NA NA NA NA NA NA NA NA NA NA NA NA NA NA NA NA NA NA NA NA NA NA NA NA NA NA NA NA NA NA NA NA NA NA NA NA 
NA NA NA NA NA 85 85 85 85 85 85 85 85 85 85 85 85 85 85 85 85 85 85 85 85 85 85 85 85 85 85 85 85 85 85 85 85 85 85 85 85 84.5 84 84 84 84 84 84 84 84 84 84 84 84 84 84 84 84 84 84 84 84 84 84 84 84 84 84 84 84 84 84 84 84 84 84 84 84 84 84 84 83.75 83.5 83 83 83 83 83 83 83 83 83 83 83 83 83 83 83 83 82.75 82 82 82 82 82 82 82 82 82 82 82 81 81 81 81 81 81 NA NA NA NA NA NA NA NA NA NA NA NA NA NA NA NA NA NA NA NA NA NA NA NA NA NA NA NA NA NA NA NA NA NA NA NA NA NA NA NA NA NA NA NA NA NA NA NA NA NA NA NA NA NA NA NA NA NA NA NA NA NA NA NA NA NA NA NA NA NA NA NA NA NA NA NA NA NA NA NA NA NA NA NA NA NA NA NA NA NA NA NA NA NA NA NA NA NA NA NA NA NA NA NA NA NA NA NA NA NA NA NA NA NA NA NA NA NA NA NA NA NA NA NA NA NA NA NA NA NA NA NA NA NA 
NA NA NA NA NA NA 85 85 85 85 85 85 85 85 85 85 85 85 85 85 85 85 85 85 85 85 85 85 85 85 85 85 85 85 85 85 85 85 85 85 85 85 85 84.5 84.5 84.5 84.5 84.5 84.5 84.5 84.5 84.5 84 84.25 84.25 84 84 84 84 84 84 84 84 84 84 84 84 84 84 84 84 84 84 84 84 84 84 84 84 84 84 84 84 84 83.75 83.25 83 83 83 83 83 83 83 83 83 83 83 83 83 83 82.75 82.25 82 82 82 82 82 82 82 82 82 81.75 81.25 81 81 81 81 NA NA NA NA NA NA NA NA NA NA NA NA NA NA NA NA NA NA NA NA NA NA NA NA NA NA NA NA NA NA NA NA NA NA NA NA NA NA NA NA NA NA NA NA NA NA NA NA NA NA NA NA NA NA NA NA NA NA NA NA NA NA NA NA NA NA NA NA NA NA NA NA NA NA NA NA NA NA NA NA NA NA NA NA NA NA NA NA NA NA NA NA NA NA NA NA NA NA NA NA NA NA NA NA NA NA NA NA NA NA NA NA NA NA NA NA NA NA NA NA NA NA NA NA NA NA NA NA NA NA NA NA NA NA 
NA NA NA NA NA 85 85 85 85 85 85 85 85 85 85 85 85 85 85 85 85 85 85 85 85 85 85 85 85 85 85 85 85 85 85 85 85 85 85 85 85 85 85 85 85 85 85 85 85 85 85 85 85 85 85 85 85 84.75 84.5 84.5 84 84 84 84 84 84 84 84 84 84 84 84 84 84 84 84 84 84 84 84 84 84 84 84 84 84 83.75 83.25 83 83 83 83 83 83 83 83 83 83 83 83 83 83 82.25 82 82 82 82 82 82 82 82 82 82 81.25 81 81 81 81 81 NA NA NA NA NA NA NA NA NA NA NA NA NA NA NA NA NA NA NA NA NA NA NA NA NA NA NA NA NA NA NA NA NA NA NA NA NA NA NA NA NA NA NA NA NA NA NA NA NA NA NA NA NA NA NA NA NA NA NA NA NA NA NA NA NA NA NA NA NA NA NA NA NA NA NA NA NA NA NA NA NA NA NA NA NA NA NA NA NA NA NA NA NA NA NA NA NA NA NA NA NA NA NA NA NA NA NA NA NA NA NA NA NA NA NA NA NA NA NA NA NA NA NA NA NA NA NA NA NA NA NA NA 
NA NA NA NA 85 85 85 85 85 85 85 85 85 85 85 85 85 85 85 85 85 85 85 85 85 85 85 85 85 85 85 85 85 85 85 85 85 85 85 85 85 85 85 85 85 85 85 85 85 85 85 85 85 85 85 85 85 85 85 85 85 84.75 84.5 84.25 84 84 84 84 84 84 84 84 84 84 84 84 84 84 84 84 84 84 84 84 84 84 84 84 83.75 83.25 83 83 83 83 83 83 83 83 83 83 83 83 83 82.75 82 82 82 82 82 82 82 82 82 82 81.25 81 81 81 81 81 NA NA NA NA NA NA NA NA NA NA NA NA NA NA NA NA NA NA NA NA NA NA NA NA NA NA NA NA NA NA NA NA NA NA NA NA NA NA NA NA NA NA NA NA NA NA NA NA NA NA NA NA NA NA NA NA NA NA NA NA NA NA NA NA NA NA NA NA NA NA NA NA NA NA NA NA NA NA NA NA NA NA NA NA NA NA NA NA NA NA NA NA NA NA NA NA NA NA NA NA NA NA NA NA NA NA NA NA NA NA NA NA NA NA NA NA NA NA NA NA NA NA NA NA NA NA NA NA NA NA NA 
NA NA NA NA NA NA 85 85 85 85 85 NA NA 85 85 85 85 85 85 85 85 85 85 85 85 85 85 85 85 85 85 85 85 85 85 85 85 85 85 85 85 85 85 85 85 85 85 85 85 85 85 85 85 85 85 85 85 85 85 85 85 85 85 85 85 84.75 84.5 84 84 84 84 85 84.25 84 84 84 84 84 84 84 84 84 84 84 84 84 84 84 84 84 83.5 83 83 83 83 83 83 83 83 83 83 83 83 83 82.75 82 82 82 82 82 82 82 82 82 82 81.75 81 81 81 81 81 NA NA NA NA NA NA NA NA NA NA NA NA NA NA NA NA NA NA NA NA NA NA NA NA NA NA NA NA NA NA NA NA NA NA NA NA NA NA NA NA NA NA NA NA NA NA NA NA NA NA NA NA NA NA NA NA NA NA NA NA NA NA NA NA NA NA NA NA NA NA NA NA NA NA NA NA NA NA NA NA NA NA NA NA NA NA NA NA NA NA NA NA NA NA NA NA NA NA NA NA NA NA NA NA NA NA NA NA NA NA NA NA NA NA NA NA NA NA NA NA NA NA NA NA NA NA NA NA NA NA 
NA NA NA NA NA NA NA NA 85 85 NA NA NA 85 85 85 85 85 85 85 85 85 85 85 85 85 85 85 85 85 85 85 85 85 85 85 85 85 85 85 85 85 85 85 85 85 85 85 85 85 85 85 85 85 85 85 85 85 85 85 85 85 85 85 85 85 85 85 85 84.5 84.25 85 85 84.75 84.75 84.25 84 84 84 84 84 84 84 84 84 84 84 84 84 84 84 84 83.25 83 83 83 83 83 83 83 83 83 83 83 83 83 82.25 82 82 82 82 82 82 82 82 82 81.75 81 81 81 81 NA NA NA NA NA NA NA NA NA NA NA NA NA NA NA NA NA NA NA NA NA NA NA NA NA NA NA NA NA NA NA NA NA NA NA NA NA NA NA NA NA NA NA NA NA NA NA NA NA NA NA NA NA NA NA NA NA NA NA NA NA NA NA NA NA NA NA NA NA NA NA NA NA NA NA NA NA NA NA NA NA NA NA NA NA NA NA NA NA NA NA NA NA NA NA NA NA NA NA NA NA NA NA NA NA NA NA NA NA NA NA NA NA NA NA NA NA NA NA NA NA NA NA NA NA NA NA NA NA NA 
NA NA NA NA NA NA NA NA NA NA NA NA NA NA NA NA NA 85 85 85 85 85 85 85 85 85 85 85 85 85 85 85 85 85 85 85 85 85 85 85 85 85 85 85 85 85 85 85 85 85 85 85 85 85 85 85 85 85 85 85 85 85 85 85 85 85 85 85 85 85 85 85 85 85 85 85 84.75 84.5 84 84 84 84 84 84 84 84 84 84 84 84 84 84 84 83.75 83.25 83 83 83 83 83 83 83 83 83 83 83 83 82.5 82 82 82 82 82 82 82 82 82 81.75 81.25 81 NA NA NA NA NA NA NA NA NA NA NA NA NA NA NA NA NA NA NA NA NA NA NA NA NA NA NA NA NA NA NA NA NA NA NA NA NA NA NA NA NA NA NA NA NA NA NA NA NA NA NA NA NA NA NA NA NA NA NA NA NA NA NA NA NA NA NA NA NA NA NA NA NA NA NA NA NA NA NA NA NA NA NA NA NA NA NA NA NA NA NA NA NA NA NA NA NA NA NA NA NA NA NA NA NA NA NA NA NA NA NA NA NA NA NA NA NA NA NA NA NA NA NA NA NA NA NA NA NA NA NA 
NA NA NA NA NA NA NA NA NA NA NA NA NA NA NA NA NA 85 85 85 85 85 85 85 85 85 85 85 85 85 85 85 85 85 85 85 85 85 85 85 85 85 85 85 85 85 85 85 85 85 85 85 85 85 85 85 85 85 85 85 85 85 85 85 85 85 85 85 85 85 85 85 85 85 85 85 85 85 85 84.5 84 84 84 84 84 84 84 84 84 84 84 84 84 84 84 83.5 83.75 83 83 83 83 83 83 83 83 83 83 83 82.75 82 82 82 82 82 82 82 82 82 NA NA NA NA NA NA NA NA NA NA NA NA NA NA NA NA NA NA NA NA NA NA NA NA NA NA NA NA NA NA NA NA NA NA NA NA NA NA NA NA NA NA NA NA NA NA NA NA NA NA NA NA NA NA NA NA NA NA NA NA NA NA NA NA NA NA NA NA NA NA NA NA NA NA NA NA NA NA NA NA NA NA NA NA NA NA NA NA NA NA NA NA NA NA NA NA NA NA NA NA NA NA NA NA NA NA NA NA NA NA NA NA NA NA NA NA NA NA NA NA NA NA NA NA NA NA NA NA NA NA NA NA NA 
NA NA NA NA NA NA NA NA NA NA 85 85 85 85 85 85 85 85 85 85 85 85 85 85 85 85 85 85 85 85 85 85 85 85 85 85 85 85 85 85 85 85 85 85 85 85 85 85 85 85 85 85 85 85 85 85 85 85 85 85 85 85 85 85 85 85 85 85 85 85 85 85 85 85 85 85 85 85 85 85 85 84.75 84.5 84 84 84 84 84 84 84 84 84 84 84 84 84 84 84 83.25 83 83 83 83 83 83 83 83 83 83 82.75 82 82 82 82 82 82 82 82 82 82 81.5 NA NA NA NA NA NA NA NA NA NA NA NA NA NA NA NA NA NA NA NA NA NA NA NA NA NA NA NA NA NA NA NA NA NA NA NA NA NA NA NA NA NA NA NA NA NA NA NA NA NA NA NA NA NA NA NA NA NA NA NA NA NA NA NA NA NA NA NA NA NA NA NA NA NA NA NA NA NA NA NA NA NA NA NA NA NA NA NA NA NA NA NA NA NA NA NA NA NA NA NA NA NA NA NA NA NA NA NA NA NA NA NA NA NA NA NA NA NA NA NA NA NA NA NA NA NA NA NA NA NA 
NA NA NA NA NA NA NA NA NA NA 85 85 85 85 85 85 85 85 85 85 85 85 85 85 85 85 85 85 85 85 85 85 85 85 85 85 85 85 85 85 85 85 85 85 85 85 85 85 85 85 85 85 85 85 85 85 85 85 85 85 85 85 85 85 85 85 85 85 85 85 85 85 85 85 85 85 85 85 85 85 85 85 85 84.75 84.25 84 84 84 84 84 84 84 84 84 84 84 84 84 84 83.5 83 83 83 83 83 83 83 83 83 83 83 82.25 82 82 82 82 82 82 82 82 82 82 82 NA NA NA NA NA NA NA NA NA NA NA NA NA NA NA NA NA NA NA NA NA NA NA NA NA NA NA NA NA NA NA NA NA NA NA NA NA NA NA NA NA NA NA NA NA NA NA NA NA NA NA NA NA NA NA NA NA NA NA NA NA NA NA NA NA NA NA NA NA NA NA NA NA NA NA NA NA NA NA NA NA NA NA NA NA NA NA NA NA NA NA NA NA NA NA NA NA NA NA NA NA NA NA NA NA NA NA NA NA NA NA NA NA NA NA NA NA NA NA NA NA NA NA NA NA NA NA NA 
NA NA NA NA NA NA NA NA NA NA 85.66666 85.75 86 85.5 85.5 85.5 85.5 85.5 85.5 85 85 85 85 85.5 85.75 85.5 85.5 85.5 85.5 85.5 85.5 85.75 85.5 85.5 85.5 85.5 85.5 85.5 85.5 85.5 85.5 85.5 85.5 85.5 85.5 85.5 86 86 86 86 86 86 86 86 85.75 85.5 85.5 85.5 85.5 85 85 85 85 85 85 85 85 85 85 85 85 85 85 85 85 85 85 85 85 85 85 85 85 85 85 84.75 84 84 84 84 84 84 84 84 84 84 84 84 84 84 83.75 83 83 83 83 83 83 83 83 83 83 83 82.25 82 82 82 82 82 82 82 82 82 82 82 NA NA NA NA NA NA NA NA NA NA NA NA NA NA NA NA NA NA NA NA NA NA NA NA NA NA NA NA NA NA NA NA NA NA NA NA NA NA NA NA NA NA NA NA NA NA NA NA NA NA NA NA NA NA NA NA NA NA NA NA NA NA NA NA NA NA NA NA NA NA NA NA NA NA NA NA NA NA NA NA NA NA NA NA NA NA NA NA NA NA NA NA NA NA NA NA NA NA NA NA NA NA NA NA NA NA NA NA NA NA NA NA NA NA NA NA NA NA NA NA NA NA NA NA NA NA NA 
NA NA NA NA NA NA NA NA NA NA NA 86 86 86 86 86 86 86 86 86 86 86 86 86 86 86 86 86 86 86 86 86 86 86 86 86 86 86 86 86 86 86 86 86 86 86 86 86 86 86 86 86 86 86 86 86 86 86 86 86 86 85.75 85.5 85.25 85 85 85 85 85 85 85 85 85 85 85 85 85 85 85 85 85 85 85 85 85 85 84.75 84.5 84 84 84 84 84 84 84 84 84 84 84 84 84 84 83.25 83 83 83 83 83 83 83 83 83 83 82.75 82 82 82 82 82 82 82 82.75 82 NA NA NA NA NA NA NA NA NA NA NA NA NA NA NA NA NA NA NA NA NA NA NA NA NA NA NA NA NA NA NA NA NA NA NA NA NA NA NA NA NA NA NA NA NA NA NA NA NA NA NA NA NA NA NA NA NA NA NA NA NA NA NA NA NA NA NA NA NA NA NA NA NA NA NA NA NA NA NA NA NA NA NA NA NA NA NA NA NA NA NA NA NA NA NA NA NA NA NA NA NA NA NA NA NA NA NA NA NA NA NA NA NA NA NA NA NA NA NA NA NA NA NA NA NA NA NA NA 
NA NA NA NA NA NA NA NA NA NA NA NA NA 86 86 86 86 86 86 86 86 85.5 85.5 85.5 85.5 85.5 85.5 85.75 86 86 86 86 86 86 86 86 86 86 86 86 86 86 86 86 86 86 86 86 86 86 86 86 85.75 85.75 85.5 85.5 85.5 85.5 85.5 85.5 85.5 85.5 85.5 85.5 85.5 85.25 85 85 85 85 85 85.5 85 85 85 85 85 85 85 85 85 85 85 85 85 85 85 85 84.25 84 84 84 84 84 84 84 84.25 84 84 84 84 84 84 83.5 83.5 83.5 83.5 83.5 83.25 83 83 83 83 83 82.75 82.5 82.5 82.5 82.5 82 82 83 82.25 82 82 82 NA NA NA NA NA NA NA NA NA NA NA NA NA NA NA NA NA NA NA NA NA NA NA NA NA NA NA NA NA NA NA NA NA NA NA NA NA NA NA NA NA NA NA NA NA NA NA NA NA NA NA NA NA NA NA NA NA NA NA NA NA NA NA NA NA NA NA NA NA NA NA NA NA NA NA NA NA NA NA NA NA NA NA NA NA NA NA NA NA NA NA NA NA NA NA NA NA NA NA NA NA NA NA NA NA NA NA NA NA NA NA NA NA NA NA NA NA NA NA NA NA NA NA NA NA 
NA NA NA NA NA NA NA NA NA NA 86 86 86 86 86 86 86 86 86 86 86 85.75 86 86 86 85.5 85.75 86 86 86 86 86 86 86 86 86 86 86 86 86 86 86 86 86 86 86 86 86 86 86 86 86 86 86 86 86 86 86 86 85.5 85.5 85.5 85 85 85 85 85 85 85 85 85 86 86 85.5 85 85 85 85 85 85 85 85 85 85 85 85 85 85 85 85 84.5 84 84 84 84 84 85 84.5 84 84 84 84 84 84 84 84 84 84 84 83.25 83 83 83 83 83 83 83 83 83 83 82.75 83 82.25 82 82 82 82 NA NA NA NA NA NA NA NA NA NA NA NA NA NA NA NA NA NA NA NA NA NA NA NA NA NA NA NA NA NA NA NA NA NA NA NA NA NA NA NA NA NA NA NA NA NA NA NA NA NA NA NA NA NA NA NA NA NA NA NA NA NA NA NA NA NA NA NA NA NA NA NA NA NA NA NA NA NA NA NA NA NA NA NA NA NA NA NA NA NA NA NA NA NA NA NA NA NA NA NA NA NA NA NA NA NA NA NA NA NA NA NA NA NA NA NA NA NA NA NA NA NA NA NA 
NA NA NA NA NA NA NA NA NA 86 86 86 86 86 86 86 86 86 86 86 86 86 86 86 86 86 86 86 86 86 86 86 86 86 86 86 86 86 86 86 86 86 86 86 86 86 86 86 86 86 86 86 86 86 86 86 86 86 86 86 86 86 86 86 85.75 85.5 85 85 85 85 85 86 86 86 86 85.5 85 85 85 85 85 85 85 85 85 85 85 85 85 85 85 85 84 84 84 84 85 85 84.75 84 84 84 84 84 84 84 84 84 84 84 83.75 83 83 83 83 83 83 83 83 83 83 83 83 82.25 82 82 82 82 NA NA NA NA NA NA NA NA NA NA NA NA NA NA NA NA NA NA NA NA NA NA NA NA NA NA NA NA NA NA NA NA NA NA NA NA NA NA NA NA NA NA NA NA NA NA NA NA NA NA NA NA NA NA NA NA NA NA NA NA NA NA NA NA NA NA NA NA NA NA NA NA NA NA NA NA NA NA NA NA NA NA NA NA NA NA NA NA NA NA NA NA NA NA NA NA NA NA NA NA NA NA NA NA NA NA NA NA NA NA NA NA NA NA NA NA NA NA NA NA NA NA NA 
NA NA NA NA NA NA NA NA NA NA 86 86 86 86 86 86 86 86 86 86 86 86 86 86 86 86 86 86 86 86 86 86 86 86 86 86 86 86 86 86 86 86 86 86 86 86 86 86 86 86 86 86 86 86 86 86 86 86 86 86 86 86 86 86 86 86 86 85.5 85 85 85 86 86 86 86 86 85.75 85.25 85 85 85 85 85 85 85 85 85 85 85 85 85 85 84.75 84 84 84 85 85 85 84.75 84.25 84 84 84 84 84 84 84 84 84 84 83.25 83 83 83 83 83 83 83 83 83 83 83 83 82.75 82 82 82 82 NA NA NA NA NA NA NA NA NA NA NA NA NA NA NA NA NA NA NA NA NA NA NA NA NA NA NA NA NA NA NA NA NA NA NA NA NA NA NA NA NA NA NA NA NA NA NA NA NA NA NA NA NA NA NA NA NA NA NA NA NA NA NA NA NA NA NA NA NA NA NA NA NA NA NA NA NA NA NA NA NA NA NA NA NA NA NA NA NA NA NA NA NA NA NA NA NA NA NA NA NA NA NA NA NA NA NA NA NA NA NA NA NA NA NA NA NA NA NA NA NA NA 
NA NA NA NA NA NA NA NA NA NA NA NA 86 86 86 86 86 86 86 86 86 86 86 86 86 86 86 86 86 86 86 86 86 86 86 86 86 86 86 86 86 86 86 86 86 86 86 86 86 86 86 86 86 86 86 86 86 86 86 86 86 86 86 86 86 86 86 86 86 85.5 85 86 86 86 86 86 86 86 85.5 85 85 85 85 85 85 85 85 85 85 85 85 85 85 85 84.5 84 85 85 85 85 85 84.25 84 84 84 84 84 84 84 84 84 84 83.5 83 83 83 83 83 83 83 83 83 83 83 83 82.75 82.25 82 82 82 NA NA NA NA NA NA NA NA NA NA NA NA NA NA NA NA NA NA NA NA NA NA NA NA NA NA NA NA NA NA NA NA NA NA NA NA NA NA NA NA NA NA NA NA NA NA NA NA NA NA NA NA NA NA NA NA NA NA NA NA NA NA NA NA NA NA NA NA NA NA NA NA NA NA NA NA NA NA NA NA NA NA NA NA NA NA NA NA NA NA NA NA NA NA NA NA NA NA NA NA NA NA NA NA NA NA NA NA NA NA NA NA NA NA NA NA NA NA NA NA NA 
NA NA NA NA NA NA NA NA NA NA NA NA NA NA NA NA NA 86 86 86 86 86 86 86 86 86 86 86 86 86 86 86 86 86 86 86 86 86 86 86 86 86 86 86 86 86 86 86 86 86 86 86 86 86 86 86 86 86 86 86 86 86 86 86 86 86 86 86 86 86 86 86 86 86 86 86 86 86 86 85.75 85.25 85 85 85 85 85 85 85 85 85 85 85 85 85 85 84.75 85 85 85 85 85 85 84.5 84 84 84 84 84 84 84 84 84 84 83.75 83.25 83 83 83 83 83 83 83 83 83 83 83 82.75 82 82 82 82 82 NA NA 82 NA NA NA NA NA NA NA NA NA NA NA NA NA NA NA NA NA NA NA NA NA NA NA NA NA NA NA NA NA NA NA NA NA NA NA NA NA NA NA NA NA NA NA NA NA NA NA NA NA NA NA NA NA NA NA NA NA NA NA NA NA NA NA NA NA NA NA NA NA NA NA NA NA NA NA NA NA NA NA NA NA NA NA NA NA NA NA NA NA NA NA NA NA NA NA NA NA NA NA NA NA NA NA NA NA NA NA NA NA NA NA NA NA NA NA NA 
NA NA NA NA NA NA NA NA NA NA NA NA NA NA NA NA NA 86 86 86 86 86 86 86 86 86 86 86 86 86 86 86 86 86 86 86 86 86 86 86 86 86 86 86 86 86 86 86 86 86 86 86 86 86 86 86 86 86 86 86 86 86 86 86 86 86 86 86 86 86 86 86 86 86 86 86 86 86 86 86 85.75 85 85 85 85 85 85 85 85 85 85 85 85 85 85 85 85 85 85 85 85 85 85 84.75 84 84 84 84 84 84 84 84 84 84 84 83.25 83 83 83 83 83 83 83 83 83 83 83 83 82.25 82 82 82 82 82 82 82 NA NA NA NA 81 81 NA NA NA NA NA NA NA NA NA NA NA NA NA NA NA NA NA NA NA NA NA NA NA NA NA NA NA NA NA NA NA NA NA NA NA NA NA NA NA NA NA NA NA NA NA NA NA NA NA NA NA NA NA NA NA NA NA NA NA NA NA NA NA NA NA NA NA NA NA NA NA NA NA NA NA NA NA NA NA NA NA NA NA NA NA NA NA NA NA NA NA NA NA NA NA NA NA NA NA NA NA NA NA NA NA NA NA NA NA 
NA NA NA NA NA NA NA NA NA NA NA NA NA NA NA NA NA 86 86 86 86 86 86 86 86 86 86 86 86 86 86 86 86 86 86 86 86 86 86 86 86 86 86 86 86 86 86 86 86 86 86 86 86 86 86 86 86 86 86 86 86 86 86 86 86 86 86 86 86 86 86 86 86 86 86 86 86 86 86 85.75 85 85 85 85 85 85 85 85 85 85 85 85 85 85 85 85 85 85 85 85 85 85 85 85 85 84.25 84 84 84 84 84 84 84 84 84 84 83.25 83 83 83 83 83 83 83 83 83 83 83 83 82.25 82 82 82 82 82 82 82 82 81.66666 81 81 81 NA NA NA NA NA NA NA NA NA NA NA NA NA NA NA NA NA NA NA NA NA NA NA NA NA NA NA NA NA NA NA NA NA NA NA NA NA NA NA NA NA NA NA NA NA NA NA NA NA NA NA NA NA NA NA NA NA NA NA NA NA NA NA NA NA NA NA NA NA NA NA NA NA NA NA NA NA NA NA NA NA NA NA NA NA NA NA NA NA NA NA NA NA NA NA NA NA NA NA NA NA NA NA NA NA NA NA NA NA 
NA NA NA NA NA NA NA NA NA NA NA NA NA NA NA NA NA NA NA 86 86 86 86 86 86 86 86 86 86 86 86 86 86 86 86 86 86 86 86 86 86 86 86 86 86 86 86 86 86 86 86 86 86 86 86 86 86 86 86 86 86 86 86 86 86 86 86 86 86 86 86 86 86 86 86 86 86 86 86 86 86 86 86 85.5 85.25 85 85 85 85 85 85 85 85 85 85 85 85 85 85 85 85 85 85 85 85 85 84 84 84 84 84 84 84 84 84 84 84 83.25 83 83 83 83 83 83 83 83 83 83 83 83 82.25 82 82 82 82 82 82 82 82 81.75 81 81 81 NA NA NA NA NA NA NA NA NA NA NA NA NA NA NA NA NA NA NA NA NA NA NA NA NA NA NA NA NA NA NA NA NA NA NA NA NA NA NA NA NA NA NA NA NA NA NA NA NA NA NA NA NA NA NA NA NA NA NA NA NA NA NA NA NA NA NA NA NA NA NA NA NA NA NA NA NA NA NA NA NA NA NA NA NA NA NA NA NA NA NA NA NA NA NA NA NA NA NA NA NA NA NA NA NA NA NA NA 
NA NA NA NA NA NA NA NA NA NA NA NA NA NA NA NA NA NA NA NA NA NA 86 86 86 86 86 86 86 86 86 86 86 86 86 86 86 86 86 86 86 86 86 86 86 86 86 86 86 86 86 86 86 86 86 86 86 86 86 86 86 86 86 86 86 86 86 86 86 86 86 86 86 86 86 86 86 86 86 86 86 86 86 86 86 86 85.25 85 85 85 85 85 85 85 85 85 85 85 85 85 85 85 85 85 85 85 84.5 84 84 84 84 84 84 84 84 84 84 84 83.75 83 83 83.75 83 83 83 83 83 83 83 83 83 82.75 82 82 82 82 82 82 82 82 81.75 81 81 81 NA NA NA NA NA NA NA NA NA NA NA NA NA NA NA NA NA NA NA NA NA NA NA NA NA NA NA NA NA NA NA NA NA NA NA NA NA NA NA NA NA NA NA NA NA NA NA NA NA NA NA NA NA NA NA NA NA NA NA NA NA NA NA NA NA NA NA NA NA NA NA NA NA NA NA NA NA NA NA NA NA NA NA NA NA NA NA NA NA NA NA NA NA NA NA NA NA NA NA NA NA NA NA NA NA NA NA 
NA NA NA NA NA NA NA NA NA NA NA NA NA NA NA NA NA NA NA NA NA NA NA NA NA 86 86 86 86 86 86 86 86 86 86 86 86 86 86 86 86 86 86 86 86 86 86 86 86 86 86 86 86 86 86 86 86 86 86 86 86 86 86 86 86 86 86 86 86 86 86 86 86 86 86 86 86 86 86 86 86 86 86 86 86 86 86 85.75 85 85 85 85 85 85 85 85 85 85 85 85 85 85 85 85 85 85 84.75 84.25 84 84 84 84 84 84 84 84 84 84 84 83.75 83 84 83.75 83 83 83 83 83 83 83 83 83 82.75 82 82 82 82 82 82 82 82 81.75 81 81 81 NA NA NA NA NA NA NA NA NA NA NA NA NA NA NA NA NA NA NA NA NA NA NA NA NA NA NA NA NA NA NA NA NA NA NA NA NA NA NA NA NA NA NA NA NA NA NA NA NA NA NA NA NA NA NA NA NA NA NA NA NA NA NA NA NA NA NA NA NA NA NA NA NA NA NA NA NA NA NA NA NA NA NA NA NA NA NA NA NA NA NA NA NA NA NA NA NA NA NA NA NA NA NA NA NA NA 
NA NA NA NA NA NA NA NA NA NA NA NA NA NA NA NA NA NA NA NA NA NA NA NA NA NA NA NA 86 86 86 86 86 86 86 86 86 86 86 86 86 86 86 86 86 86 86 86 86 86 86 86 86 86 86 86 86 86 86 86 86 86 86 86 86 86 86 86 86 86 86 86 86 86 86 86 86 86 86 86 86 86 86 86 86 86 86 86 85.25 85 85 85 85 85 85 85 85 85 85 85 85 85 85 85 85 85 85 85 84.75 84 84 84 84 84 84 84 84 84 84 84 83.75 84 84 84 83.25 83 83 83 83 83 83 83 83 82.75 82 82 82 82 82 82 82 82 81.75 81 81 81 81 81 81 81 81 81 NA NA NA NA NA NA NA NA NA NA NA NA NA NA NA NA NA NA NA NA NA NA NA NA NA NA NA NA NA NA NA NA NA NA NA NA NA NA NA NA NA NA NA NA NA NA NA NA NA NA NA NA NA NA NA NA NA NA NA NA NA NA NA NA NA NA NA NA NA NA NA NA NA NA NA NA NA NA NA NA NA NA NA NA NA NA NA NA NA NA NA NA NA NA NA NA NA NA NA 
NA NA NA NA NA NA NA NA NA NA NA NA NA NA NA NA NA NA NA NA NA NA NA NA NA NA NA NA NA NA NA NA NA NA NA NA NA 86 86 86 86 86 86 86 86 86 86 86 86 86 86 86 86 86 86 86 86 86 86 86 86 86 86 86 86 86 86 86 86 86 86 86 86 86 86 86 86 86 86 86 86 86 86 86 86 86 86 85.75 85.25 85 85 85 85 85 85 85 85.5 85 85 85 85 85 85 85 85 85 85 85 85 84.75 84.25 84 84 84 84 84 84 84 84 84 84 84 84 84 84 83.25 83 83 83 83 83 83 83 83 82.75 82.25 82 82 82 82 82 82 82 81.75 81.25 81 81 81 81 81 81 81 80.75 80 80 80 80 NA NA NA NA NA NA NA NA NA NA NA NA NA NA NA NA NA NA NA NA NA NA NA NA NA NA NA NA NA NA NA NA NA NA NA NA NA NA NA NA NA NA NA NA NA NA NA NA NA NA NA NA NA NA NA NA NA NA NA NA NA NA NA NA NA NA NA NA NA NA NA NA NA NA NA NA NA NA NA NA NA NA NA NA NA NA NA NA NA NA NA NA NA NA 
NA NA NA NA NA NA NA NA NA NA NA NA NA NA NA NA NA NA NA NA NA 87 87 NA NA NA NA NA 86 86 NA NA NA NA NA NA NA NA 86 86 86 86 86 86 86 86 86 86 86 86 86 86 86 86 86 86 86 86 86 86 86 86 86 86 86 86 86 86 86 86 86 86.25 86.25 86 86 86 86 86 86 86 86 86 86 86 86 86 86 86 85.5 85.5 85.5 86 85.75 85 85 85 86 85.75 85 85 85 85 85 85 85 85 85 85 85 85 84.5 84 84 84 84 84 84 84 84 84 84 84 84 84 84 84 83.5 83 83 83 83 83 83 83 83 83 82.25 82 82 82 82 82 82 82 82 81.25 81.25 81 81 81 81 81 81 80.75 80 80 80 80 80 NA NA NA NA NA NA NA NA NA NA NA NA NA NA NA NA NA NA NA NA NA NA NA NA NA NA NA NA NA NA NA NA NA NA NA NA NA NA NA NA NA NA NA NA NA NA NA NA NA NA NA NA NA NA NA NA NA NA NA NA NA NA NA NA NA NA NA NA NA NA NA NA NA NA NA NA NA NA NA NA NA NA NA NA NA NA NA NA NA NA NA NA 
NA NA NA NA NA NA NA NA NA NA NA NA NA NA NA NA NA NA NA NA NA NA 86.66666 87 87 NA NA NA 86.33334 86 86.5 NA NA NA NA NA NA 86 86 86 86 86 86 86 86 86 86 86.25 86.25 86 86.5 86.25 86.25 86 86 86 86 86 86 86 86.25 86 86 86 86 86 86 86 86 85.75 86 86 86 86 86 86 86 86 86 86 86 85.75 85.5 86 86 86 86 86 86 86 86 86 86 85.5 85.75 85 86 86 85.25 85 85 85 85 85 85 85 85 85 85 85 84.75 84.5 84 84 84 84 84 84 84 84 84 84 84 84 84 84 84 83.75 83 83 83 83 83 83 83 83 83 82.25 82 82 82 82 82 82 82 82 82 81 81 81 81 81 81 80.5 80 80 80 80 80 80 NA NA NA NA NA NA NA NA NA NA NA NA NA NA NA NA NA NA NA NA NA NA NA NA NA NA NA NA NA NA NA NA NA NA NA NA NA NA NA NA NA NA NA NA NA NA NA NA NA NA NA NA NA NA NA NA NA NA NA NA NA NA NA NA NA NA NA NA NA NA NA NA NA NA NA NA NA NA NA NA NA NA NA NA NA NA NA NA NA NA NA 
NA NA NA NA NA NA NA NA NA NA NA NA NA NA NA NA NA NA NA NA NA NA 86 86 86.25 86 86 86.25 86.25 86.5 86.25 86.5 86.5 86.33334 86.33334 86 86.5 86 86 86 86.25 86 86 86 86.5 86 86 86.25 86 86 86 86 86 86.5 86 86.25 86.25 86.5 86.5 86 86.25 86 86.5 86.5 86 86 86 86 86 86 85.75 86 86 86 86 86 86 86 86 86 86 86 86 85.75 85.5 85.75 86 86 86 86 86 86 86 86 86 86 86 86 86 85.5 85 85 85 85 85 85 85 85 85 85 85 85 85 85 84.5 84.25 84 84 84 84 84 84 84 84 84 84 84 84 83.75 83 83 83 83 83 83 83 83 83 82.5 82 82 82 82 82 82 82 82 81 81 81 81 81 80.75 80.25 80 80 80 80 80 80 80 80 NA NA NA NA NA NA NA NA NA NA NA NA NA NA NA NA NA NA NA NA NA NA NA NA NA NA NA NA NA NA NA NA NA NA NA NA NA NA NA NA NA NA NA NA NA NA NA NA NA NA NA NA NA NA NA NA NA NA NA NA NA NA NA NA NA NA NA NA NA NA NA NA NA NA NA NA NA NA NA NA NA NA NA NA NA NA NA NA NA 
NA NA NA NA NA NA NA NA NA NA NA NA NA NA NA NA NA NA NA NA NA 86 86 86 86 86 86 86 86 86 86 86 86 86.25 86 86 86 86 86 86 86 86.75 86.75 86.5 86.75 86.75 86 86 86.25 86.5 86.75 86.5 87 87 87 87 86.5 86.25 86.5 86.5 87 86.75 86.5 86.5 86.75 86 86 86 86 86 86 86.75 86.25 86 86 86 86 86 86 86 86 86 86 86 86 85.75 86 86 86 86 86 86 86 86 86 86 86 86 86 86 85.75 85.25 85 85 85 85 85 85 85 85 85 85 85 85 85 85 84.25 84 84 84 84 84 84 84 84 84 84 84 84 83.75 83.25 83 83 83 83 83 83 83 83 82.75 82 82 82 82 82 82 82 82 81.25 81 81 80.75 80.25 80.5 80 80 80 80 80 80 80 79.75 80 NA NA NA NA NA NA NA NA NA NA NA NA NA NA NA NA NA NA NA NA NA NA NA NA NA NA NA NA NA NA NA NA NA NA NA NA NA NA NA NA NA NA NA NA NA NA NA NA NA NA NA NA NA NA NA NA NA NA NA NA NA NA NA NA NA NA NA NA NA NA NA NA NA NA NA NA NA NA NA NA NA NA NA NA NA NA NA NA 
NA NA NA NA NA NA NA NA NA NA NA NA NA NA NA NA 87 87 87 87 86.5 87 86.5 86 86.25 86 86 86 86 86.5 86.5 86 86 86 86 86 86 86 86 86 86 86.25 86.25 86.25 86.5 86 86.75 86.5 86.5 86.5 86.5 86.5 86.5 86.25 86.75 86.25 86.5 86 86 86 86 86 86 86 86 86 86 86 86 86 86 87 87 86.25 86 86 86 86 86 86 86 86 86 86 86 86 86 86 86 86 86 86 86 86 86 86 86 86 86 86 86 86 85.25 85 85 85 85 85 85 85 85 85 85 85 85 85 85 84.5 84 84 84 84.5 84 84 84 84 84 84 84 84 84 83.25 83 83 83 83 83 83 83 83 82.75 82 82 82 82 82 82 82 81.75 81 81 80.5 81.25 81 81 81.25 80.75 80 80 80 80 80 NA NA NA NA NA NA NA NA NA NA NA NA NA NA NA NA NA NA NA NA NA NA NA NA NA NA NA NA NA NA NA NA NA NA NA NA NA NA NA NA NA NA NA NA NA NA NA NA NA NA NA NA NA NA NA NA NA NA NA NA NA NA NA NA NA NA NA NA NA NA NA NA NA NA NA NA NA NA NA NA NA NA NA NA NA NA NA NA NA 
NA NA NA NA NA NA NA NA NA NA NA NA NA NA NA NA 87 87 87 87 87 87 87 87 87 86 86 86 86 86 86 86 86 86 86 86 86 86 86 86 86 86 86 86 86 86 86 86 86 86 86 86 86 86 86 86.25 86 86 86 86 86 86 86 86 86 86 86 86 86 86 86 87 87 87 87 87 87 86.5 86.5 86.25 86 86 86 86 86 86 86 86 86 86 86 86 86 86 86 86 86 86 86 86 86 86 86 85.5 85 85 85 85 85 85 85 85 85 85 85 85 85 85 84.75 84 84 85 84.75 84 84 84 84 84 84 84 84 84 83.25 83 83 83 83 83 83 83 83 82.75 82 82 82 82 82 82 82 81 81 81 81 81 81 81 80.5 80.75 80.5 81 NA NA NA NA NA NA NA NA NA NA NA NA NA NA NA NA NA NA NA NA NA NA NA NA NA NA NA NA NA NA NA NA NA NA NA NA NA NA NA NA NA NA NA NA NA NA NA NA NA NA NA NA NA NA NA NA NA NA NA NA NA NA NA NA NA NA NA NA NA NA NA NA NA NA NA NA NA NA NA NA NA NA NA NA NA NA NA NA NA NA NA 
NA NA NA NA NA NA NA NA NA NA NA NA NA NA NA NA 87 87 87 87 87 87 87 87 87 86.75 86.5 86 86 86 86 86 86 86 86 86 86.25 86 86 86 86 86 86 86 86.25 86.25 86 86 86 86 86 86 86 86 86 86 86 86 86.25 86 86 86 86 86 86 86 86 86 86 86 86 87 87 87 87 87 87 87 87 87 86.25 86 86 86 86 86 86 86 86 86 86 86 86 86 86 86 86 86 86 86 86 86 86 86 85.75 85 85 85 85 85 85 85 85 85 85 85 85 85 85 84.5 84 85 85 84.75 84 84 84 84 84 84 84 84 84 83.25 83 83 83 83 83 83 83 83 83 82 82 82 82 82 82 82 81.25 81 81 81 81 81 81 81 80 80.33334 NA NA NA NA NA NA NA NA NA NA NA NA NA NA NA NA NA NA NA NA NA NA NA NA NA NA NA NA NA NA NA NA NA NA NA NA NA NA NA NA NA NA NA NA NA NA NA NA NA NA NA NA NA NA NA NA NA NA NA NA NA NA NA NA NA NA NA NA NA NA NA NA NA NA NA NA NA NA NA NA NA NA NA NA NA NA NA NA NA NA NA 
NA NA NA NA NA NA NA NA NA NA NA NA NA NA NA NA NA 87 87 87 87 87 87 87 87 87 87 87 87 86.5 86.5 86.5 86.75 87 87 87 87 87 87 86.25 86 86 86 86.25 86.5 86.25 86 86.25 86 86 86 86 86 86 86 86 86 86 86 86.25 86 86.25 86.5 86.75 86 86 86 86 86 86 86 87 87 87 87 87 87 87 87 87 87 86.75 86 86 86 86 86 86 86 86 86 86 86 86 86 86 86 86 86 86 86 86 86 86 86 85.75 85.25 85 85 85 85 85 85 85 85 85 85 85 85 85 85 85 85 85 84.5 84 84 84 84 84 84 84 84 84 83.5 83 83 83 83 83 83 83 83 82.75 82 82 82 82 82 82 82 82 81.5 81.25 81 81 81 81 80 NA NA NA NA NA NA NA NA NA NA NA NA NA NA NA NA NA NA NA NA NA NA NA NA NA NA NA NA NA NA NA NA NA NA NA NA NA NA NA NA NA NA NA NA NA NA NA NA NA NA NA NA NA NA NA NA NA NA NA NA NA NA NA NA NA NA NA NA NA NA NA NA NA NA NA NA NA NA NA NA NA NA NA NA NA NA NA NA NA NA NA NA 
NA NA NA NA NA NA NA NA NA NA NA NA NA NA NA NA NA 87 87 87 87 87 87 87 87 87 87 87 87 87 87 87 87 87 87 87 87 87 87 87 86.25 86 86 86 86 86 86.5 86 86.5 86.5 86 86 86 86 86 86.25 86.25 86.5 86 87 86.75 87 86.5 86.5 86.25 86 86 86 86 86 86 87 87 87 87 87 87 87 87 87 87 87 87 86.75 86.5 86 86 86 86 86 86 86 86 86 86 86 86 86 86 86 86 86 86 86 86 86 86 85.25 85 85 85 85 85 85 85 85 85 85 85 85 85 85 85 85 85 84.75 84 84 84 84 84 84 84 84 83.75 83 83 83 83 83 83 83 83 83 82.75 82 82 82 82 82 82 82 82 81.5 81 81 81 81 81 NA NA NA NA NA NA NA NA NA NA NA NA NA NA NA NA NA NA NA NA NA NA NA NA NA NA NA NA NA NA NA NA NA NA NA NA NA NA NA NA NA NA NA NA NA NA NA NA NA NA NA NA NA NA NA NA NA NA NA NA NA NA NA NA NA NA NA NA NA NA NA NA NA NA NA NA NA NA NA NA NA NA NA NA NA NA NA NA NA NA NA NA 
NA NA NA NA NA NA NA NA NA NA NA NA NA NA NA NA NA 87 87 87 87 87 87 87 87 87 87 87 87 87 87 87 87 87 87 87 87 87 87 87 87 86.5 86 86 86 86 87 87 87 87 87 87 86.25 86.5 86.75 87 86.75 87 86.75 87 87 87 87 87 86.75 86.75 86.25 86 86.25 86 86 87 87 87 87 87 87 87 87 87 87 87 87 87 87 87 86.75 86.25 86 86 86 86 86 86 86 86 86 86 86 86 86 86 86 86 86 86 86 86 85.25 85 85 85 85 85 85 85 85 85 85 85 85 85 85 85 85 85 85 84.25 84 84 84 84 84 84 84 83 83 83 83 83 83 83 83 83 83 82.75 82.25 82 82 82 82 82 82 82 81.5 81 81 81 NA NA NA NA NA NA NA NA NA NA NA NA NA NA NA NA NA NA NA NA NA NA NA NA NA NA NA NA NA NA NA NA NA NA NA NA NA NA NA NA NA NA NA NA NA NA NA NA NA NA NA NA NA NA NA NA NA NA NA NA NA NA NA NA NA NA NA NA NA NA NA NA NA NA NA NA NA NA NA NA NA NA NA NA NA NA NA NA NA NA NA NA NA 
NA NA NA NA NA NA NA NA NA NA NA NA NA NA NA NA NA 87 87 87 87 87 87 87 87 87 87 87 87 87 87 87 87 87 87 87 87 87 87 87 87 87 87 87 86.5 86.5 87 87 87 87 87 87 87 87 87 87 87 87 87 87 87 87 87 87 87 87 86.75 86 86.5 86.25 86.25 87 87 87 87 87 87 87 87 87 87 87 87 87 87 87 87 87 86.25 86 86 86 86 86 86 86 86 86 86 86 86 86 86 86 86 86 86 86 86 85.75 85 85 85 85 85 85 85 85 85 85 85 85 85 85 85 85 85 84.75 84.25 84 84 84 84 84 84 83.75 83.5 83 83 83 83 83 83 83 83 83 83 82.5 82 82 82 82 82 81.75 81 81 81 NA NA NA NA NA NA NA NA NA NA NA NA NA NA NA NA NA NA NA NA NA NA NA NA NA NA NA NA NA NA NA NA NA NA NA NA NA NA NA NA NA NA NA NA NA NA NA NA NA NA NA NA NA NA NA NA NA NA NA NA NA NA NA NA NA NA NA NA NA NA NA NA NA NA NA NA NA NA NA NA NA NA NA NA NA NA NA NA NA NA NA NA NA NA 
NA NA NA NA NA NA NA NA NA NA NA NA NA NA NA NA NA 87 87 87 87 87 87 87 87 87 87 87 87 87 87 87 87 87 87 87 87 87 87 87 87 87 87 87 87 87 87 87 87 87 87 87 87 87 87 87 87 87 87 87 87 87 87 87 87 87 87 86.5 87 87 86.5 87 87 87 87 87 87 87 87 87 87 87 87 87 87 87 87 87 87 86.5 86 86 86 86 86 86 86 86 86 86 86 86 86 86 86 86 86 86 86 86 85.75 85 85 85 85 85 85 85 85 85 85 85 85 85 85 85 85 85 84.75 84 84 84 84 84 84 84 84 83.75 83.25 83 83 83 83 83 83 83 83 83 82.5 82 82 82 82 NA NA NA NA NA NA NA NA NA NA NA NA NA NA NA NA NA NA NA NA NA NA NA NA NA NA NA NA NA NA NA NA NA NA NA NA NA NA NA NA NA NA NA NA NA NA NA NA NA NA NA NA NA NA NA NA NA NA NA NA NA NA NA NA NA NA NA NA NA NA NA NA NA NA NA NA NA NA NA NA NA NA NA NA NA NA NA NA NA NA NA NA NA NA NA NA NA NA 
NA NA NA NA NA NA NA NA NA NA NA NA NA NA NA NA NA 87 87 87 87 86.5 86.5 86.5 86.5 86.5 86.5 86.5 86.5 86.5 86.5 86.5 86.5 86.5 86.5 86.5 86.5 86.5 86.5 86.5 86.5 86.5 86.5 86.5 86.5 86.5 86.5 86.5 86.5 86.5 86.5 86.5 86.5 86.5 86.5 86.5 86.5 86.5 86.5 86.5 86.5 86.5 86.5 86.5 86.5 86.5 86.5 86.5 86.5 86.5 86.5 87 87 87 87 87 87 86.5 86.5 86.5 86.5 86.5 86.5 86.5 86.5 86.5 86.5 86.5 86.5 86.25 86 86 86 86 86 86 86 86 86 86 86 86 86 86 86 86 86 86 86 86 85.75 85.25 85 85 85 85 85 85 85 85 85 85 85 85 85 85 85 85 84.5 84.5 84 84 84 84 84 84 84 83.75 83.5 83 83 83 83 83 83 83 83 83 82.5 82 82 82 82 82 82 NA NA NA NA NA NA NA NA NA NA NA NA NA NA NA NA NA NA NA NA NA NA NA NA NA NA NA NA NA NA NA NA NA NA NA NA NA NA NA NA NA NA NA NA NA NA NA NA NA NA NA NA NA NA NA NA NA NA NA NA NA NA NA NA NA NA NA NA NA NA NA NA NA NA NA NA NA NA NA NA NA NA NA NA NA NA NA NA NA NA NA NA NA NA NA NA 
NA NA NA NA NA NA NA NA NA NA NA NA NA NA 87 87 87 87 87 87 87 86 86 86 86 86 86 86 86 86 86 86 86 86 86 86 86 86 86 86 86 86 86 86 86 86 86 86 86 86 86 86 86 86 86 86 86 86 86 86 86 86 86 86 86 86 86 86 86 86 86 87 87 87 87 87 87 86.5 86 86 86 86 86 86 86 86 86 86 86 86 86 86 86 86 86 86 86 86 86 86 86 86 86 86 86 86 86 86 86 86 86 85.25 85 85 85 85 85 85 85 85 85 85 85 85 85 85 85 85 85 84.75 84 84 84 84 84 84 84 83.75 83 83 83 83 83 83 83 83 83 83 82 82 82 82 82 82 82 82 NA NA NA NA NA NA NA NA NA NA NA NA NA NA NA NA NA NA NA NA NA NA NA NA NA NA NA NA NA NA NA NA NA NA NA NA NA NA NA NA NA NA NA NA NA NA NA NA NA NA NA NA NA NA NA NA NA NA NA NA NA NA NA NA NA NA NA NA NA NA NA NA NA NA NA NA NA NA NA NA NA NA NA NA NA NA NA NA NA NA NA NA NA NA NA 
NA NA NA NA NA NA NA NA NA NA NA NA NA NA NA NA NA 87 NA NA 87 86 86 86 86 86 86 86 86 86 86 86 86 86 86 86 86 86 86 86 86 86 86 86 86 86 86 86 86 86 86 86 86 86 86 86 86 86 86 86 86 86 86 86 86 86 86 86 86 86 86 87 87 87 87 87 87 87 86.5 86.75 86 86 86 86 86 86 86 86 86 86 86 86 86 86 86 86 86 86 86 86 86 86 86 86 86 86 86 86 86 86 86 86 85.25 85 85 85 85 85 85 85 85 85 85 85 85 85 85 85 85 85 85 84.75 84 84 84 84 84 84 83.75 83.25 83 83 83 83 83 83 83 83 82 82 82 82 82 82 82 82 NA NA 81.5 NA NA NA NA NA NA NA NA NA NA NA NA NA NA NA NA NA NA NA NA NA NA NA NA NA NA NA NA NA NA NA NA NA NA NA NA NA NA NA NA NA NA NA NA NA NA NA NA NA NA NA NA NA NA NA NA NA NA NA NA NA NA NA NA NA NA NA NA NA NA NA NA NA NA NA NA NA NA NA NA NA NA NA NA NA NA NA NA NA NA NA NA 
NA NA NA NA NA NA NA NA NA NA NA NA NA NA NA NA NA NA NA NA 87 86 86 86 86 86 86 86 86 86 86 86 86 86 86 86 86 86 86 86 86 86 86 86 86 86 86 86 86 86 86 86 86 86 86 86 86 86 86 86 86 86 86 86 86 86 86 86 86 86 86 87 87 87 87 87 87 87 87 87 87 86.25 86 86 86 86 86 86 86 86 86 86 86 86 86 86 86 86 86 86 86 86 86 86 86 86 86 86 86 86 86 86 86 85.25 85 85 85 85 85 85 85 85 85 85 85 85 85 85 85 85 85 85 84.5 84 84 84 84 84 84 84 83.75 83.5 83.25 83 83 83 83 83 83 82.5 82 82 82 82 82 82 82 82 82 81.25 81 81 NA NA NA NA NA NA NA NA NA NA NA NA NA NA NA NA NA NA NA NA NA NA NA NA NA NA NA NA NA NA NA NA NA NA NA NA NA NA NA NA NA NA NA NA NA NA NA NA NA NA NA NA NA NA NA NA NA NA NA NA NA NA NA NA NA NA NA NA NA NA NA NA NA NA NA NA NA NA NA NA NA NA NA NA NA NA NA NA NA 
NA NA NA NA NA NA NA NA NA NA NA NA NA NA NA NA NA 87 87 87 87 86 86 86 86 86 86 86 86 86 86 86 86 86 86 86 86 86 86 86 86 86 86 86 86 86 86 86 86 86 86 86 86 86 86 86 86 86 86 86 86 86 86 86 86 86 86 86 86 86 86 87 87 87 87 87 87 87 87 87 87 87 86.75 86.25 86 86 86 86 86 86 86 86 86 86 86 86 86 86 86 86 86 86 86 86 86 86 86 86 86 86 86 86 86 86 85.25 85 85 85 85 85 85 85 85 85 85 85 85 85 85 85 85 85 85 84.25 84 84 84 84 84 84 84 84 83.75 83 83 82.75 83 83 83 83 82.25 82 82 82 82 82 82 82 82 81.75 81 81 81 81 NA NA NA NA NA NA NA NA NA NA NA NA NA NA NA NA NA NA NA NA NA NA NA NA NA NA NA NA NA NA NA NA NA NA NA NA NA NA NA NA NA NA NA NA NA NA NA NA NA NA NA NA NA NA NA NA NA NA NA NA NA NA NA NA NA NA NA NA NA NA NA NA NA NA NA NA NA NA NA NA NA NA NA NA NA NA NA 
NA NA NA NA NA NA NA NA NA NA NA 87 87 NA NA NA 87 87 87 87 87 NA NA 86 86 86 86 86 86 86 86 86 86 86 86 86 86 86 86 86 86 86 86 86 86 86 86 86 86 86 86 86 86 86 86 86 86 86 86 86 86 86 86 86 86 86 86 86 86 86 86 87 87 87 87 87 87 87 87 87 87 87 87 87 86.75 86.25 86 86 86 86 86 86 86 86 86 86 87 86.5 86.5 86 86 86 86 86 86 86 86 86 86 86 86 86 86 86 86 85.25 85 85 85 85 85 85 85 85 85 85 85 85 85 85 85 85 85 84.75 84.25 84 84 84 84 84 84 84 83.25 83 83 83 83 83 83 83 83 83 82.25 82 82 82 82 82 82 82 81.25 81 81 81 81 NA NA NA NA NA NA NA NA NA NA NA NA NA NA NA NA NA NA NA NA NA NA NA NA NA NA NA NA NA NA NA NA NA NA NA NA NA NA NA NA NA NA NA NA NA NA NA NA NA NA NA NA NA NA NA NA NA NA NA NA NA NA NA NA NA NA NA NA NA NA NA NA NA NA NA NA NA NA NA NA NA NA NA NA NA NA 
NA NA NA NA NA NA NA NA NA NA 87 87 87 87 87 87 87 87 87 87 NA NA NA NA 86 NA NA NA NA NA 86 86 86 86 86 86 86 86 86 86 86 86 86 86 86 86 86 86 86 86 86 86 86 86 86 86 86 86 86 86 86 86 86 86 86 86 86 86 86 86 86 87 87 87 87 87 87 87 87 87 87 87 87 87 87 87 87 86.25 86 86 86 86 86 86 86 86 87 87 87 87 86.25 86 86 86 86 86 86 86 86 86 86 86 86 86 86 86 85 85 85 85 85 85 85 85 85 85 85 85 85 85 85 85 85 85 84.75 84 84 84 84 84 84 84 84 83 83 83 83 83 83 83 82.75 82.25 82 82 82 82 82 82 82 81.75 81 81 81 81 81 NA NA NA NA NA NA NA NA NA NA NA NA NA NA NA NA NA NA NA NA NA NA NA NA NA NA NA NA NA NA NA NA NA NA NA NA NA NA NA NA NA NA NA NA NA NA NA NA NA NA NA NA NA NA NA NA NA NA NA NA NA NA NA NA NA NA NA NA NA NA NA NA NA NA NA NA NA NA NA NA NA NA NA NA NA NA 
NA NA NA NA NA NA NA NA NA NA NA 87 87 87 87 87 87 87 NA NA NA NA NA NA NA NA NA NA NA NA NA NA 86 86 86 86 86 86 86 86 86 86 86 86 86 86 86 86 86 86 86 86 86 86 86 86 86 86 86 86 86 86 86 86 86 86 86 86 86 86 86 87 87 87 87 87 87 87 87 87 87 87 87 87 87 87 87 87 86.5 86 86 86 86 86 86 86 87 87 87 87 87 86.5 86 86 86 86 86 86 86 86 86 86 86 86 86 86 85.75 85 85 85 85 85 85 85 85 85 85 85 85 85 85 85 85 85 85 85 84.25 84 84 84 84 84 84 83 83 83 83 83 83 83 82.75 82.5 83 82.5 82 82 82 82 82 82 81 81.33334 81 NA NA NA NA NA NA NA NA NA NA NA NA NA NA NA NA NA NA NA NA NA NA NA NA NA NA NA NA NA NA NA NA NA NA NA NA NA NA NA NA NA NA NA NA NA NA NA NA NA NA NA NA NA NA NA NA NA NA NA NA NA NA NA NA NA NA NA NA NA NA NA NA NA NA NA NA NA NA NA NA NA NA NA NA NA NA NA NA 
NA NA NA NA NA NA NA NA NA NA NA NA 87 87 87 87 NA NA NA NA NA NA NA NA NA NA NA NA NA NA NA NA NA 86 86 86 86 86 86 86 86 86 86 86 86 86 86 86 86 86 86 86 86 86 86 86 86 86 86 86 86 86 86 86 86 86 86 86 86 86 86 87 87 87 87 87 87 87 87 87 87 87 87 87 87 87 87 87 87 87 87 87 86.75 86 86 86 87 87 87 87 87 87 86.75 86 86 86 86 86 86 86 86 86 86 86 86 86 86 86 85.25 85 85 85.5 85 85 85 85 85 85 85 85 85 85 85 85 85 84.5 84.25 84 84 84 84 84 84 83.75 83.5 83 83 83 83 83 83 83 83 82.5 82 82 NA NA NA NA NA NA NA NA NA NA NA NA NA NA NA NA NA NA NA NA NA NA NA NA NA NA NA NA NA NA NA NA NA NA NA NA NA NA NA NA NA NA NA NA NA NA NA NA NA NA NA NA NA NA NA NA NA NA NA NA NA NA NA NA NA NA NA NA NA NA NA NA NA NA NA NA NA NA NA NA NA NA NA NA NA NA NA NA NA NA NA NA NA NA NA 
NA NA NA NA NA NA NA NA NA NA NA NA NA NA NA NA NA NA NA NA NA NA NA NA NA NA NA NA NA NA NA NA 86 86 86 86 86 86 86 86 86 86 86 86 86 86 86 86 86 86 86 86 86 86 86 86 86 86 86 86 86 86 86 86 86 86 86 86 86 86 86 87 87 87 87 87 87 87 87 87 87 87 87 87 87 87 87 87 87 87 87 87 87 87 86.75 86 87 87 87 87 87 87 87 86 86 86 86 86 86 86 86 86 86 86 86 86 86 86 86 85.25 85 86 86 85.25 85 85 85 85 85 85 85 85 85 85 84.75 84 84 84 84 84 84 84 84 84 84 84 83.25 83 83 83 83 83 83 NA NA NA NA NA NA NA NA NA NA NA NA NA NA NA NA NA NA NA NA NA NA NA NA NA NA NA NA NA NA NA NA NA NA NA NA NA NA NA NA NA NA NA NA NA NA NA NA NA NA NA NA NA NA NA NA NA NA NA NA NA NA NA NA NA NA NA NA NA NA NA NA NA NA NA NA NA NA NA NA NA NA NA NA NA NA NA NA NA NA NA NA NA NA NA NA NA NA 
NA NA NA NA NA NA NA NA NA NA NA NA NA NA NA NA NA NA NA NA NA NA NA NA NA NA NA NA NA NA NA NA 86 86 86 86 86 86 86 86 86 86 86 86 86 86 86 86 86 86 86 86 86 86 86 86 86 86 86 86 86 86 86 86 86 86 86 86 86 86 86 87 87 87 87 87 87 87 87 87 87 87 87 87 87 87 87 87 87 87 87 87 87 87 87 86.25 87 87 87 86.75 86.5 86.5 86.25 86 86 86 86 86 86 86 86 86 86 86 86 86 86 86 86 86 85.25 86 86 86 85.25 85 85 85 85 85 85 85 85 85 85 84 84 84 84 84 84 84 84 84 84 84 83.75 83.25 83 83 83 83 83 NA NA NA NA NA NA NA NA NA NA NA NA NA NA NA NA NA NA NA NA NA NA NA NA NA NA NA NA NA NA NA NA NA NA NA NA NA NA NA NA NA NA NA NA NA NA NA NA NA NA NA NA NA NA NA NA NA NA NA NA NA NA NA NA NA NA NA NA NA NA NA NA NA NA NA NA NA NA NA NA NA NA NA NA NA NA NA NA NA NA NA NA NA NA NA NA NA NA 
NA NA NA NA NA NA NA NA NA NA NA NA NA NA NA NA NA NA NA NA NA NA NA NA NA NA NA NA NA NA 86 86 86 86 86 86 86 86 86 86 86 86 86 86 86 86 86 86 86 86 86 86 86 86 86 86 86 86 86 86 86 86 86 86 86 86 86 86 86 86 86 87 87 87 87 87 87 87 87 87 87 87 87 87 87 87 87 87 87 87 87 87 87 87 87 86.75 87 87 87 86.5 86 86 86 86 86.5 86 86 86 86 86 86 86 86 86 86 86 86 86 86 86 85.75 86 86 86 86 85 85 85 85 85 85 85 85 85 85 84.75 84.5 84 84 84 84 84 84 84 84 84 84 84 83 83 83 83 82.75 82 NA NA NA NA NA NA NA NA NA NA NA NA NA NA NA NA NA NA NA NA NA NA NA NA NA NA NA NA NA NA NA NA NA NA NA NA NA NA NA NA NA NA NA NA NA NA NA NA NA NA NA NA NA NA NA NA NA NA NA NA NA NA NA NA NA NA NA NA NA NA NA NA NA NA NA NA NA NA NA NA NA NA NA NA NA NA NA NA NA NA NA NA NA NA NA NA NA 
NA NA NA NA NA NA NA NA NA NA NA NA NA NA NA NA NA NA NA NA NA NA NA NA NA NA NA NA NA NA 86 86 86 86 86 86 86 86 86 86 86 86 86 86 86 86 86 86 86 86 86 86 86 86 86 86 86 86 86 86 86 86 86 86 86 86 86 86 86 86 86 87 87 87 87 87 87 87 87 87 87 87 87 87 87 87 87 87 87 87 87 87 87 87 87 87 87 87 87 87 87 87 86 86.5 86.5 86.25 86 86 86 86 86 86 86 86 86 86 86 86 86 86 86 86 86 86 86 85.75 85.75 85 85 85 85 85 85 85 85 85 85 84.5 84 84 84 84 84 84 84 84 84 84 84 83.5 83 83 83 82.5 NA NA NA NA NA NA NA NA NA NA NA NA NA NA NA NA NA NA NA NA NA NA NA NA NA NA NA NA NA NA NA NA NA NA NA NA NA NA NA NA NA NA NA NA NA NA NA NA NA NA NA NA NA NA NA NA NA NA NA NA NA NA NA NA NA NA NA NA NA NA NA NA NA NA NA NA NA NA NA NA NA NA NA NA NA NA NA NA NA NA NA NA NA NA NA NA NA 
NA NA NA NA NA NA NA NA NA NA NA NA NA NA NA NA NA NA NA NA NA NA NA NA NA NA NA NA NA 86 86 86 86 86 86 86 86 86 86 86 86 86 86 86 86 86 86 86 86 86 86 86 86 86 86 86 86 86 86 86 86 86 86 86 86 86 86 86 86 86 86 87 87 87 87 87 87 87 87 87 87 87 87 87 87 87 87 87 87 87 87 87 87 87 87 86.25 86.75 86.75 87 86.5 86.5 86.25 86.75 86.75 86.75 86 86.25 86 86 86 86 86 86 86 86 86 86 86 86 86 86 86 86 86 86 86 86 86 85.25 85 85 85 85 85 85 85 85 85 84.75 84.5 84 84 84 84 84 84 84 84 84 83.25 83 83 83 82.5 82 NA NA NA NA NA NA NA NA NA NA NA NA NA NA NA NA NA NA NA NA NA NA NA NA NA NA NA NA NA NA NA NA NA NA NA NA NA NA NA NA NA NA NA NA NA NA NA NA NA NA NA NA NA NA NA NA NA NA NA NA NA NA NA NA NA NA NA NA NA NA NA NA NA NA NA NA NA NA NA NA NA NA NA NA NA NA NA NA NA NA NA NA NA NA NA NA 
NA NA NA NA NA NA NA NA NA NA NA NA NA NA NA NA NA NA NA NA NA NA NA NA NA NA NA NA NA 86 86 86 86 86 86 86 86 86 86 86 86 86 86 86 86 86 86 86 86 86 86 86 86 86 86 86 86 86 86 86 86 86 86 86 86 86 86 86 86 86 86 87 87 87 87 87 87 87 87 87 87 87 87 87 87 87 87 87 87 87 87 87 87 87 86.75 86 87 86.5 87 87 86.5 86.75 86.5 86.75 86.5 86.5 86 86 86 86 86 86 86 86 86 86 86 86 86 86 86 86 86 86 86 86 86 86 85.5 85 85 85 85 85 85 85 85 85 85 85 85 84 84 84 84 84 84 84 83.25 83 83.25 83 83 82.75 82 82 82 82 82 82 82 82 82 82 82 NA NA NA NA NA NA NA NA NA NA NA NA NA NA NA NA NA NA NA NA NA NA NA NA NA NA NA NA NA NA NA NA NA NA NA NA NA NA NA NA NA NA NA NA NA NA NA NA NA NA NA NA NA NA NA NA NA NA NA NA NA NA NA NA NA NA NA NA NA NA NA NA NA NA NA NA NA NA NA NA NA NA NA NA NA NA 
NA NA NA NA NA NA NA NA NA NA NA NA NA NA NA NA NA NA NA NA NA NA NA NA NA NA NA NA NA NA 86 86 86 86 86 86 86 86 86 86 86 86 86 86 86 86 86 86 86 86 86 86 86 86 86 86 86 86 86 86 86 86 86 86 86 86 86 86 86 86 86 87 87 87 87 87 87 87 87 87 87 87 87 87 87 87 87 87 87 87 87 87 87 87 86.25 86 87 86.25 86.5 87 87 86.75 87 86 86 86 86 86 86 86 86 86 86 86 86 86 86 86 86 86 86 86 86 86 86 86 86 86 85.5 85 85 85 85 85 85 85 85 85 85 85 85 84 84 84 84 84 84 84 83.75 83.5 84 83.75 83 83 82.75 82.5 83 83 82.5 82 82 82 82 82 82 82 81.33334 NA NA NA NA NA NA NA NA NA NA NA NA NA NA NA NA NA NA NA NA NA NA NA NA NA NA NA NA NA NA NA NA NA NA NA NA NA NA NA NA NA NA NA NA NA NA NA NA NA NA NA NA NA NA NA NA NA NA NA NA NA NA NA NA NA NA NA NA NA NA NA NA NA NA NA NA NA NA NA NA NA NA NA NA 
NA NA NA NA NA NA NA NA NA NA NA NA NA NA NA NA NA NA NA NA NA NA NA NA NA NA NA NA NA 86 86 86 86 86 86 86 86 86 86 86 86 86 86 86 86 86 86 86 86 86 86 86 86 86 86 86 86 86 86 86 86 86 86 86 86 86 86 86 86 86 86 87 87 87 87 87 87 87 87 87 87 87 87 87 87 87 87 87 87 87 87 86.75 86.5 86.25 86.5 86.75 87 86.5 87 87 87 87 86.25 86 86 86 86 86 86 86 86 86 86 86 86 86 86 86 86 86 86 86 86 86 86 86 86 86 86 85.5 85 85 85 85 85 85 85 85 85 85 85 84.25 84 84 84 84 84 84 84 84 84 84 83.25 83 82.5 83 83 82.5 82 82 82 82 82 82 82 82 82 81.5 NA NA NA NA NA NA NA NA NA NA NA NA NA NA NA NA NA NA NA NA NA NA NA NA NA NA NA NA NA NA NA NA NA NA NA NA NA NA NA NA NA NA NA NA NA NA NA NA NA NA NA NA NA NA NA NA NA NA NA NA NA NA NA NA NA NA NA NA NA NA NA NA NA NA NA NA NA NA NA NA NA NA NA 
NA NA NA NA NA NA NA NA NA NA NA NA NA NA NA NA NA NA NA NA NA NA NA NA NA NA NA NA NA 86 86 86 86 86 86 86 86 86 86 86 86 86 86 86 86 86 86 86 86 86 86 86 86 86 86 86 86 86 86 86 86 86 86 86 86 86 86 86 86 86 86 87 87 87 87 87 87 87 87 87 87 87 87 87 87 87 87 87 87 87 87 87 86.75 86.25 86.25 87 87 86.25 86.75 87 86 86 86 86 86.25 86 86 86 86 86 86 86 86 86 86 86 86 86 86 86 86 86 86 86 86 86 86 86 86 86 86 85.25 85 85 85 85 85 85 85 85 85 84.25 84.25 84 84 84 84 84 84 84 84 84 83 83 83 83 82.75 82.25 82.5 82.5 82.25 82 82 82 82 82 82 82 NA NA NA NA NA NA NA NA NA NA NA NA NA NA NA NA NA NA NA NA NA NA NA NA NA NA NA NA NA NA NA NA NA NA NA NA NA NA NA NA NA NA NA NA NA NA NA NA NA NA 72 NA NA NA NA NA NA NA NA NA NA NA NA NA NA NA NA NA NA NA NA NA NA NA NA NA NA NA NA NA NA NA NA 
NA NA NA NA NA NA NA NA NA NA NA NA NA NA NA NA NA NA NA NA NA NA NA NA NA NA NA NA NA 86 86 86 86 86 86 86 86 86 86 86 86 86 86 86 86 86 86 86 86 86 86 86 86 86 86 86 86 86 86 86 86 86 86 86 86 86 86 86 86 86 86 87 87 87 87 87 87 87 87 87 87 87 87 87 87 87 87 87 87 86.75 86.25 87 87 87 86.75 87 87 86.5 86 86 86 86.25 86.25 86 86 86 86 86 86.25 86.25 86 86 86 86 86 86 86 86 86 86 86 86 86 86 86 86 86 86 86 86 86 86 85.25 85 85 85 85 85 85 85 85 84.5 85 84.25 84 84 84 84 84 84 84 84 83.75 83.5 83.25 83 83 83 83 83 82.5 82 82 82 82 82 82 82 NA NA NA NA NA NA NA NA NA NA NA NA NA NA NA NA NA NA NA NA NA NA NA NA NA NA NA NA NA NA NA NA NA NA NA NA NA NA NA NA NA NA NA NA NA NA NA NA 73.5 73.5 73.25 72.5 NA NA NA NA NA NA NA NA NA NA NA NA NA NA NA NA NA NA NA NA NA NA NA NA NA NA NA NA NA NA NA 
NA NA NA NA NA NA NA NA NA NA NA NA NA NA NA NA NA NA NA NA NA NA NA NA NA NA NA NA 86 86 86 86 86 86 86 86 86 86 86 86 86 86 86 86 86 86 86 86 86 86 86 86 86 86 86 86 86 86 86 86 86 86 86 86 86 86 86 86 86 86 86 87 87 87 87 87 87 87 87 87 87 87 87 87 87 87 87 87 86.75 86.25 86.25 87 87 87 87 87 87 87 86 86 86 86.25 86.25 86 86 86 86 86 86.25 86 86 86 86 86 86 86 86 86 86 86 86 86 86 86 86 86 86 86 86 86 86 86 85.75 85 85 85 85 85 85 85 85 85 84.75 84.5 84 84 84 84 84 84 84 84 84 83.75 83.5 83 83 83 83 83 82.25 82 82 82 82 82 81.75 81.66666 NA NA NA NA NA NA NA NA NA NA NA NA NA NA NA NA NA NA NA NA NA NA NA NA NA NA NA NA NA NA NA NA NA NA NA NA NA NA NA NA NA NA NA NA NA NA NA 73.75 74.25 74.25 74 73.25 72.75 71 NA NA NA NA NA NA NA NA NA NA NA NA NA NA NA NA NA NA NA NA NA NA NA NA NA NA NA NA NA 
NA NA NA NA NA NA NA NA NA NA NA NA NA NA NA NA NA NA NA NA NA NA NA NA NA NA NA NA 86 86 86 86 86 86 86 86 86 85.25 86 86 86 86 86 86 86 86 86 86 86 86 86 86 86 86 86 86 86 86 86 86 86 86 86 86 86 86 86 86 86 86 86 87 87 87 87 87 87 87 87 87 87 87 87 87 87 87 87 86.5 86 86.5 87 87 87 87 87 87 87 87 86.5 86.25 86 86 86 86.25 86 86 86 86 86 86.25 86 86 86 86 86 86 86 86 86 86 86 86 86 86 86 86 86 85.5 86 86 86 86 86 85.75 85.25 85 85 85 85 85 85 85 85 85 85 85 84.5 84.25 84 84 84 84 84 84 83.5 83 83 83 83 83 82.25 82 82.25 82.75 82 82 82 81.75 82 NA 81 81 81 NA NA NA NA NA NA NA NA NA NA NA NA NA NA NA NA NA NA NA NA NA NA NA NA NA NA NA NA NA NA NA NA NA NA NA NA NA 75 75.25 75 74.5 74.25 74.5 74.5 75 74.5 74.25 73.5 72 72 NA NA NA NA NA NA NA NA NA NA NA NA NA NA NA NA NA NA NA NA NA NA NA NA NA NA NA NA 
NA NA NA NA NA NA NA NA NA NA NA NA NA NA NA NA NA NA NA NA NA NA NA NA NA NA NA 86 86 86 86 86 86 86 85.75 85.25 85.75 85.5 85 85.5 85.75 86 86 86 86 86 86 86 86 86 86 86 86 86 86 86 86 86 86 86 86 86 86 86 86 86 86 86 86 86 86 87 87 87 87 87 87 87 87 87 87 87 87 87 86.5 86 86 86.75 87 87 86.75 86.75 87 87 87 87 87 87 87 86.5 86.5 86 86.25 86 86 86 86.25 86 86 86 86 86 86 86 86 86 86 86 86 86 85.75 86 86 86 86 86 86 85.75 85.25 86 86 86 86 86 85.75 85.5 85 85 85 85 85 85 85 85 85 85 85 85 84.25 84 84 84 84 84 84 83.75 84 83.5 83 83 82.75 82.75 82.5 82.75 82.5 82 82 82 81.75 81 81 82 81.5 81 81 80.5 81 81 80.5 80 80 80 80 80 79.5 NA NA NA NA NA NA NA NA NA NA NA NA NA NA NA NA NA NA NA NA NA NA NA NA 75.66666 76 76 76 76 75.5 75.5 75.25 75 75 75 74 73.25 72.25 72 NA NA NA NA NA NA NA NA NA NA NA NA NA NA NA NA NA NA NA NA NA NA NA NA NA NA NA 
NA NA NA NA NA NA NA NA NA NA NA NA NA NA NA NA NA NA NA NA NA NA NA NA NA NA 86 86 86 86 86 86 86 85.5 85.25 85 85.75 85.75 85 86 85 85.5 86 86 86 86 86 86 86 86 86 86 86 86 86 86 86 86 86 86 86 86 86 86 86 86 86 86 86 86 86 87 87 87 87 87 87 87 87 87 87 87 87 86.25 86.5 87 86.75 86.5 87 86.5 86.75 87 87 87 87 87 87 87 87 87 86.25 86 86.5 86.5 86.5 86 86 86.25 86.5 86.5 86 86 86 86 86 86 86 86 86 86 86 86 86 86 86 86 86 86 85.5 86 86 86 86 86 86 86 85.75 85 85 85 85 85 85 85 85 85 85 85 85 84.25 84 84 84 84 84 84 84 84 83 83 83 83 82.75 83 83 82.25 82 82 82 82 82 82.5 82.5 81.75 81.5 81.25 81 81 81 81 80.5 80.25 80.25 80.25 80.25 80 79.75 79.25 79 79 78.5 NA NA NA NA NA NA NA NA NA NA NA NA NA NA NA NA NA 76.5 76.25 76.75 77 76.5 76.5 76 76 76 76 75.5 75 74.5 73.25 73 72.75 72.5 72 NA NA NA NA NA NA NA NA NA NA NA NA NA NA NA NA NA NA NA NA NA NA NA NA NA 
NA NA NA NA NA NA NA NA NA NA NA NA NA NA NA NA NA NA NA NA NA NA NA NA 86 86 86 86 86 86 85.5 85.5 85.75 85.75 86 86 86 86 86 86 85.5 85.25 85.25 85.75 86 86 86 86 86 86 86 86 86 86 86 86 86 86 86 86 86 86 86 86 86 86 86 86 86 86 86 87 87 87 87 87 87 86.75 87 87 87 87 87 86.5 87 87 87 87 87 87 86.5 86.25 87 87 87 87 86.75 86.5 87 87 87 86.5 86 86 86 86 86.25 87 86 86 86 86 86 86 86 86 86 86 86 86 86 86 86 86 86 86 86 86 85.75 86 86 86 86 86 86 86 86 85.75 85.25 85 85 85 85 85 84.75 85 85 85 85 85 84.25 84 84 84 84 84 83.75 83 83.5 83 83 83 83 83 83 82 82 82 82 82 82 82.75 82.25 81.75 82 82.25 81.75 81.75 82 81.5 80.75 81 81.25 81 80.25 80 80 80.25 79.5 79.5 79 NA NA NA NA NA NA NA NA NA NA NA NA NA NA NA NA 76 76.75 77 77 77 77 77 76.25 76 76 76 76 75 74.25 73 73.25 73 73 73 72.5 72.66666 72.5 72 72 72 NA NA NA NA NA NA NA NA NA NA NA NA NA NA NA NA NA NA NA 
NA NA NA NA NA NA NA NA NA NA NA NA NA NA NA NA NA NA NA NA NA NA NA NA 86 86 86 86 86 86 85.5 85.25 85.75 85 85 85 85.25 85.5 85 85.25 85.75 85.75 85 85.25 86 86 86 86 85.5 85.5 85.75 86 86 86 86 86 86 86 86 86 86 86 86 86 86 86 86 86 86 86 86 86.5 86.75 86.25 86.5 86.5 86.75 87 87 87 87 87 87 86.5 87 86.75 87 87 87 86.5 87 87 87 87 86.5 87 86.5 86.25 86.5 87 87 87 86.25 86 86.75 86 86 86 86 86 86 86 86 86 86 86 86 86 86 86 86 86 86 86 86 86 86 86 86 86 86 86 86 86 86 86 86 86 85.5 85 85 85 85 85 85 85 85 85 85 85 85 84.25 84 84 84 84 84 84 84 83.75 83 83 83 83 82.75 82.75 82.25 82 82 82 82 82.25 82.5 83 82.5 82.25 82 82 82 81.5 81.25 81.5 81 80.5 80.5 80 80.75 81 79.75 79.5 80.25 78.33334 NA NA NA NA NA NA NA NA NA NA NA NA NA NA NA 76 77.5 77.5 77 77 77 77 76 76 76 76 75.25 75 74.75 74 74 74 74 73.25 73 73 72.5 72 72 72 71.75 71 NA NA NA NA NA NA NA NA NA NA NA NA NA NA NA NA NA 
NA NA NA NA NA NA NA NA NA NA NA NA NA NA NA NA NA NA NA NA NA NA NA 86 86 86 86 86 86 85.25 85 85 85 85 85 85 85 85 85 85.25 85 85.5 85.75 85 85.25 85.5 85.5 85 85 85 85 85.5 85.5 85.5 85.5 85.5 85.5 85.5 85.5 85.5 85.5 85.75 86 86 86 86 86 86 86 86 86 86 86.5 86.5 86.5 86.5 86.5 86.5 86.5 86.5 86.5 86.5 86.5 86.5 86.5 86 86.25 86.5 86.5 86.5 86.5 86.5 86.5 86.5 86 86.5 86 86 86.25 86.5 86.5 86.5 86.5 86.25 86 86 86 86 86 85.75 86 86 86 85.5 85.5 85.5 85.5 85.5 85.5 85.5 85.25 86 86 85.75 85.5 85.5 85.5 85.5 85.5 85.5 85.5 85.5 85.5 85.5 85.5 85.5 85.5 85.5 85.5 85.25 85 85 85 84.5 84.5 84.5 84.75 85 85 85 85 84.5 84 84 84.25 84 84 84 84 84 83 83 83 83 83 83 82.75 82 82.25 82 82 82.5 83 82.75 82.25 82 82 82 82 82 82.25 82 81.75 81.25 81.25 80.5 81 81 80.5 80 80 79.75 78 NA NA NA NA NA NA NA NA NA NA NA NA NA 76.66666 77.75 78 77.5 77.5 77.5 77.5 77 76.5 76 76 76 76 75.5 75 74.5 74.5 74.5 74.5 74 73.5 73.5 73.5 73 72.75 72.5 72.5 72.25 71.66666 NA NA NA NA NA NA NA NA NA NA NA NA NA NA NA NA 
NA NA NA NA NA NA NA NA NA NA NA NA NA NA NA NA NA NA NA NA NA NA 85.5 86 86 86 86 85.5 85 85 85.25 85 85.25 85.25 85 85 85 85 85.25 85 85 85 85 85 85 85 85 85 85 85 85 85 85 85 85 85 85 85 85 85 85.5 86 86 85.25 85 85.75 86 86 86 86 86 86 86 86 86 86 86 86 86 86 86 86 86 86 86 86 86 86 86 86 86 86 86 86 85.5 85.5 86 86 86 86 86.25 86.25 86 86 86 86 86 86 85.25 85.25 85 85.25 85 85 85 85 85 85 85 85 85 86 86 86 86 85.5 85.5 86 85.75 85 85 85 85.25 85 85 85 85 85 85 85 85 85 84.75 84.25 85 84.5 84.5 85 85 85 85 84.75 84 84 84 84 84 84 84 84 83.5 83 83 83 83 82.5 82 82.5 83 82.5 82.25 82 82 82.75 82.75 82.5 82.25 82.25 82 82 82.5 82 82 82 81.75 81.25 80.5 81 81 80.25 79.75 79.25 78.33334 NA NA NA NA NA NA NA NA NA NA NA NA 77 77.75 78 78 78 78 78 78 77.75 77 76.75 76.25 76 76 75.75 75 75 75 75 74.75 74 74 74 74 73.75 73 73 73 73 72.25 72 NA NA NA NA NA NA NA NA NA NA NA NA NA NA NA 
NA NA NA NA NA NA NA NA NA NA NA NA NA NA NA NA NA NA NA NA NA NA 85 85.5 85.5 85.25 85 85 85 85 85 85 85 85 85 85 85 85 85 85 85 85 85 85 85 85 85 85 85 85 85 85 85 85 85 85 85 85 85 85.25 85.5 85.25 85 85 85.75 85.75 85.75 86 86 86 86 86 86 86 86 86 86 86 86 86 86 86 86 86 86 85.75 85.75 86 86 86 86 86 86 86 85.5 86 86 86 86 86 86 86 86 86 86 86 86 86 86 86 85.75 85.25 85.25 85.5 85 85 85.5 85.5 86 85.75 85.5 86 86 86 86 86 86 86 86 85 85 85.25 85.75 85 85 85 85 85 85 85 85 85 85 85 85 84.75 84.75 85 85 85 85 85 84.5 84 84 84 84 84 84 84 84 83.5 83 83 83 82.5 82 82.5 82 82 82 82 82.5 83 83 83 82.5 82 82 82 82.5 82 82 82 82 82 81.5 81.5 81.5 81.25 80 79 79 NA NA NA NA NA NA NA NA NA NA NA 77 77.75 78 78.25 78.5 78.5 78.5 78 78 77.75 77 77 77 76.5 76 75.5 75.25 75 75 75 74.75 74 74 74 74 74 73 73 73 73 73 72.25 72 NA NA NA NA NA NA NA NA NA NA NA NA NA NA 
NA NA NA NA NA NA NA NA NA NA NA NA NA NA NA NA NA NA NA NA NA 85 85 85 85 85 85 85 85 85 85 85 85 85 85 85 85 85 85 85 85 85 85 85 85 85 85 85 85 85 85 85 85 85 85 85 85 85 85 85 85 85.5 85.5 85.5 86 85.5 85.5 86 86 86 86 86 86 86 86 86 86 86 86 86 86 86 86 86 86 86 85.5 86 86 86 86 86 85.5 85.5 85.75 85.5 86 86 86 86 86 86 86 86 86 85.75 85.25 85.5 86 85.5 86 86 85.5 85 85 85.25 85.75 85.75 85.5 85.5 85.5 86 86 86 86 86 86 86 85.5 85 85 85 85.75 85.5 85.25 85 85 85 85 85 85 85 85 85 85 85 85 85 85 85 85 85 85 84.5 84.75 84.5 84 84 84 84 84 84 83.5 83 83 82.75 82 82.25 82 82 81.75 82 82.75 83 82.25 82.25 82 82 82 82.25 82.5 82 82 82 82 82 82 82 81 81 80.75 80 79.5 79.5 79.5 NA NA NA NA NA NA NA NA NA 78 78.25 79 79 79 79 79 78 78 77.5 77 77 77 76.75 76 76 76 75.25 75 75 75 NA NA NA NA NA 74 73.25 73 73 73 73 NA NA NA NA NA NA NA NA NA NA NA NA NA NA NA 
NA NA NA NA NA NA NA NA NA NA NA NA NA NA NA NA NA NA 85 85 84.75 84.75 84.75 85 85 85 85 85 85 85 85 85 85 85 85 85 85 85 85 85 85 85 85 85 85 85 85 85 85 85 85 85 85 85 85 85 85 85 85 85 85 85 85 85 85 85 85 85.5 85.75 86 86 86 86 86 86 86 86 86 86 86 86 86 86 86 86 86 86 86 86 86 86 86 85.25 85 85.25 85.75 86 86 86 86 86 86 86 86 86 85.5 85.75 85.25 85 85 85 85 85.5 85.75 85.25 86 86 85.75 85.75 85.5 85.25 86 86 86 86 86 86 85.5 85 85 85.25 85 85 85.75 86 85.25 85 85 85 85 85 85 85 84.75 85 85 85 85 85 85 85 85 84.75 84.25 84 84 84 84 84 84 84 84 84 83.5 83.5 83 82.75 82.5 82.25 82 82 82.5 83 83 82.5 83 82.75 83 82.25 83 82 82 82 82 82 82 82 82 81 80.5 80.5 80.25 80.25 80 79.25 79 NA NA NA NA NA NA NA 78 78.75 78.75 79 79 79 79 78.5 78 77.5 77.5 77 77 77 76.75 76 76 76 76 76 75.25 75 NA NA NA NA NA NA NA 73 73 NA NA NA NA NA NA NA NA NA NA NA NA NA NA NA NA NA 
NA NA NA NA NA NA NA NA NA NA NA NA NA NA NA NA NA NA 84.5 84.75 85 84.25 84 84.25 85 85 85 85 85 85 85 85 85 85 84.25 84 84 85 85 85 84.75 84.75 85 85 85 85 85 85 85 85 85 85 85 85 85 85 85 85 85 85 85 85 85 85 85 85 85 85 85 85.25 86 85.25 86 86 86 86 86 86 85.5 85 85.75 86 86 85.5 85.75 86 86 86 86 86 85.75 85.25 85.5 85.75 86 86 86 86 86 86 86 86 86 86 86 85.75 85.25 85 85 85 85 85 85 85.75 86 86 86 86 86 86 85.75 86 86 86 86 86 86 86 85.5 86 86 85.25 85 85.25 86 85.75 85 85 85 85 85 85 85 85 85 85 85 85 85 85 85 85 84.75 85 85 84.5 84.25 84 84 84 84 84 84 84 84 83.75 83 83 82 82.5 83 83 83 83 83 83 83 83 82.5 82.25 82 82.75 82.75 82.75 82.25 82 82.25 81.5 81.25 81 81 81 80.75 80.25 79.25 79 NA NA NA NA NA NA NA 78.25 78.75 79.5 80 79.25 79 79 79 78.25 77.75 77.5 77 77 77 77 76 76 76 76 76 76 75 NA NA NA NA NA NA NA NA NA NA NA NA NA NA NA NA NA NA NA NA NA NA NA NA NA NA 
NA NA NA NA NA NA NA NA NA NA NA NA NA NA NA NA NA NA NA 84 84.75 84.75 85 84.25 84.25 84.25 85 84.75 84.75 85 85 85 84.25 84.25 84.25 84.25 84 84 84.25 84.25 84.25 85 85 85 85 85 84.25 84.75 85 85 85 85 84.5 84.75 85 85 85 85 85 85 85 85 85 85 85 85 85 85 85 85 85 85 85.5 85.5 85.75 86 85.5 85 85 85.5 86 86 85.75 85.5 85 85.5 85.75 86 85.75 85.5 85 85.5 85.25 85.25 85.75 86 86 86 86 86 86 86 86 86 86 85.5 85 85 85 85 85 85 85 85.5 85.5 85 85.5 86 85.25 85.5 86 86 86 86 86 86 86 86 86 86 86 85.75 85 85 85.5 86 85.75 85 85 85 85 85 85 85 85 85 85 85 85 85 85 85 85 84.75 84.5 85 84.5 84 84 84 84 84 84 84 84 84 83.5 82.75 82.5 82.75 82.75 83 83 83 83 83 83 82.5 82 82 82 82 82.25 82.25 82.25 82 82.25 81.75 81.5 82 81.25 81 80.75 81 80.5 79.75 79.5 79 NA NA NA NA 78.25 79 79.5 79.75 80 80 79.75 79 79 79 79 78 78 77.25 77 77 76.5 77 76.75 76 76 76 NA NA NA NA NA NA NA NA NA NA NA NA NA NA NA NA NA NA NA NA NA NA NA NA NA NA NA 
NA NA NA NA NA NA NA NA NA NA NA NA NA NA NA NA NA NA NA 84 84 84 84.25 85 84 84.5 85 84 84 84 84.75 84.75 84.25 84 84.5 84.25 84 84 84 84 84.25 84 84.5 84.5 85 85 84 84 84 84.75 85 85 84.75 84.25 84 84 84 84 84.5 84.75 84.75 85 85 85 85 85 85 85 85 85 85 85 85 85 85 85 85 85 85.5 85.5 85 85 85 85.25 85 85 85 85.25 85.25 85.25 85 85 85 85.5 86 85.5 86 86 86 86 86 86 86 85.5 86 86 85.5 85 85 85 85 85 85 85 85.25 85.25 85 85.25 85.25 85 85 86 86 86 86 86 86 86 86 86 86 86 85.75 85 85 86 86 85.75 85 85 85 85 85 85 85 85 85 85 85 85 85 85 85 85 85 85 85 84.5 84 84 84 84 84 84 84 84 83.5 83 83 83 83 83 83 83 83 83 83 83 83 83 82.5 82.25 82.75 83 82 82.5 82.75 82.5 82 82 82.25 81.75 81 80.75 80.25 80 80 80 79.5 79 79.25 79 79 79.25 80 80 80 80 80 79.75 79 79 79 78.75 78 77.25 77 77 77 NA NA NA NA NA NA NA NA NA NA NA NA NA NA NA NA NA NA NA NA NA NA NA NA NA NA NA NA NA NA NA NA 
NA NA NA NA NA NA NA NA NA NA NA NA NA NA NA NA NA NA NA 84 84 83.5 83.25 84 84 84 84.5 84.75 84.25 84 84.5 85 85 84.5 84.5 85 84.5 84 84 84 84 84 84 84.5 84.25 84.25 84.75 84.25 84 84 84.75 85 85 85 84.5 84.5 84.5 84.5 84.75 84.5 85 85 85 85 85 85 85 85 85 85 85 85 85 85 85 85 85 85 85 85 85 85 85 85 85 85 85 85 85 85 85 85 85 85 85 85.75 86 86 86 86 86 86 86 86 86 85 85.5 85 85 85.25 85 85 85 85 85.25 86 85.5 85 85 85 85 86 86 86 86 86 86 86 86 86 86 86 85.75 85.25 85 85.75 86 86 85.5 85 85 85 85 85 85 85 85.5 85 85 85 85 85 85 85 85 85 85 85 84.25 84 84 84 84 84 84 84 83.75 84 83 83 83 83 83 83 83 83 83 82.75 83 83 83 82 82 82.75 83 83 83 82.5 82 82.5 82.5 82 82 81 80 80 80.5 80 80 80 80 79 79.5 80 80 80 80 80 80 80 80 79.25 79 78.5 78.5 77.75 77 77 77 NA NA NA NA NA NA NA NA NA NA NA NA NA NA NA NA NA NA NA NA NA NA NA NA NA NA NA NA NA NA NA NA 
NA NA NA NA NA NA NA NA NA NA NA NA NA NA NA NA NA NA NA NA 84 83 83.25 83.25 83.75 84 84 85 84.5 84 84 85 84.25 84 84.25 84 84 84 84 84 84 84 84 84 84 84 84.25 85 84 84 84 84.25 84.75 85 85 85 85 85 85 85 85 85 85 85 85 85 85 85 85 85 85 85 85 85 85 85 85 85 85 85 85 85 85 85 85 85 85 85 85 85 85 85 85 85 85 85 86 86 86 86 86 86 86 85.75 85.5 85 85 85.25 85.5 85.25 85.5 85 85 85 85 85.25 85.25 86 86 85.25 85 86 86 86 86 86 86 86 86 86 86 86 86 85.5 85 85.5 86 86 86 85.25 85 85 85 85 85 85 85 85 85 85 85 85 85 85 85 85 85 85 84 84 84 84 84 84 84 84 84 84 83.25 83.25 83.5 84 83.75 83.25 83 83 83.5 83 83 83 83 82.75 82 82.75 82.75 83 82.5 82.25 82.75 82.25 82 82 82 81.25 81 80.75 81 81 80.5 80 80 79.25 80 80 80.75 80.5 80 80 79.5 79.25 79.25 79 79 78.25 78.5 78 78 77.5 77 77 NA NA NA NA NA NA NA NA NA NA NA NA NA NA NA NA NA NA NA NA NA NA NA NA NA NA NA NA NA NA NA 
NA NA NA NA NA NA NA NA NA NA NA NA NA NA NA NA NA NA NA NA 83.25 83.5 83.5 83.5 84 84 84 84.5 84 84.25 84 84.75 84 84 84 84 84 84 84 84 84 84 84 84 84 84.25 84 84 84 84 84 84.25 84.75 85 85 85 85 85 85 85 85 84.75 85 85 85 85 85 85 85 85 85 85 85 85 85 85 85 85 85 85 85 85 85 85 85 85 85 85 85 85 85 85 85 85 85 85 85.5 85.5 85.5 85.5 85.5 85.25 85 85.5 85.5 85 85.5 85.5 85.75 85.5 85.5 85 85 85 85 85 85 85 85 85.5 85 86 86 86 86 86 86 86 86 86 86 86 86 85.25 85 85.5 86 86 86 86 85.25 85 85 85 85 85 85 85 85 85 85 85 85 85 85 85 85 85 84.75 84 84 84 84 84 84 84 84 84.25 84 84 84 84 84 84 83 83 84 83.25 83 83 83 83 82 82 82.5 83 82 82.25 82.5 82.25 82 82 82.25 82.25 81.75 81.25 81 81 81 80.75 80 80 80 80 80.5 80.75 80 80 80 79.5 79 79 79 78.25 78.5 78.5 78 78 77.25 77.75 77 NA NA NA NA NA NA NA NA NA NA NA NA NA NA NA NA NA NA NA NA NA NA NA NA NA NA NA NA NA NA 
NA NA NA NA NA NA NA NA NA NA NA NA NA NA NA NA NA NA 83 83 83 82.75 83 83 83 83 83.75 84 84.25 84 84 84 84 84 84 84 84 83.5 84 84 84 84 84 84 84 84 84 84 84 84 84 84.75 85 85 85 85 85 85 85 85 85 85 84.75 85 85 85 85 85 85 85 85 85 85 85 85 85 85 85 85 85 85 85 85 85 85 85 85 85 85 85 85 85 85 85 85 85 85.5 85.25 85 85 85 85.25 85.5 85.75 85.25 85 85 85.25 85 85 85 85 85 85 85 85 85 85 85 85 85 86 86 86 86 86 86 86 86 86 86 86 86 85.25 85.25 85 86 86 86 86 86 85.25 85 85 85 85 85 85 85 85 85 85 85 85 85 85 85 85 85 84 84 84 84 84 84 84 84.25 84 84 83.75 83.75 84 84 84 83.5 83 83.25 84 83.25 83 83.5 83.25 83 82 82.5 82.5 82.5 83 82.5 82 82 82 82.5 82 82 82 81.5 81 81 81 80 80 80 80.5 81 81 81 80.75 80 80 80 79.75 79 78.75 79 78.75 78 78 78 78 77.5 NA NA NA NA NA NA NA NA NA NA NA NA NA NA NA NA NA NA NA NA NA NA NA NA NA NA NA NA NA NA 
NA NA NA NA NA NA NA NA NA NA NA NA NA NA NA NA NA 83 83 83 83 83 82.5 83 83 83.5 84 84 83.5 83.5 83.75 84 83.75 84 84 84 83.5 83.75 84 84 84 84 84 84 84 84 84 84 84 84 84 84.75 85 85 85 85 85 85 85 85 85 85 85 84.75 85 85 85 85 85 85 85 85 85 85 85 85 85 85 85 85 85 85 85 85 85 85 85 85 85 85 85 85 85 85 85 85 85 85.75 85.5 85.25 85 85 85 85.25 85.75 86 86 85 85 85 85 85 85.25 85 85 85 85 85 85 85 85 86 86 86 86 86 86 86 86 86 86 86 86 86 85.5 85 86 86 86 86 86 85.75 85 85 85 85 85.5 85 85 85 85 85 85 85 85 85 85 85 85 84.75 84.5 84.25 84 84 84 84 84 84 84 84 83.5 84 83.75 83.75 84 84 83 83.5 83.75 83.25 83.5 83.75 83.5 83.25 82.5 82.5 83 83 83 82.25 82.25 82 82.5 82 82 82 82 81.5 81 81 80.5 80 80.25 80.25 81 81 81 80 80 80 80 79.75 79.25 79 79 78.75 79 78.75 78 78 78 77 NA NA NA NA NA NA NA NA NA NA NA NA NA NA NA NA NA NA NA NA NA NA NA NA NA NA NA NA NA 
NA NA NA NA NA NA NA NA NA NA NA NA NA NA NA NA NA 82 81.75 83 83.25 83 83 83 83 83.25 84 84 83.25 83 83 83 83 83.5 83.5 83.75 84 84 84 84 84 84 84 84 84 84 84 84 84 84 84 84 84 85 85 85 85 85 85 85 85 85 85 85 85 85 85 85 85 85 85 85 85 85 85 85 85 85 85 85 85 85 85 85 85 85 85 85 85 85 85 85 85 85 85 85 85 85.25 85.75 86 85.75 85.5 85.5 85 85.25 85.5 85.25 85 85 85 85 85 85.25 85 85.25 85.25 85 85 85 85 85 86 86 86 86 86 86 86 86 86 86 86 85.75 85.75 85 85.75 86 86 86 86 86 86 85.25 85 85 85 85.75 85 85 85 85 85 85 85 85 85 85 85 85 85 85 84 84 84.25 84.25 84 84.25 84.5 84.5 84.25 83 84 84 84 84 83.75 83 83.25 84 84 84 83.75 83 83 83 82.75 83 83 83 83 82 82 82 82 82 82 82 82 81.75 81.25 81 80 80.25 80.25 81 81 81 80.5 80.25 80 80 80 79.75 79.25 79 79 79 78.25 78 78 78 77.66666 NA NA NA NA NA NA NA NA NA NA NA NA NA NA NA NA NA NA NA NA NA NA NA NA NA NA NA NA NA 
NA NA NA NA NA NA NA NA NA NA NA NA NA NA NA NA NA NA 82 81.75 82.75 82.5 82.5 83 83 83 83.25 83.75 83.75 83 83 83.25 83 83 83.5 84 84 84 84 84 84 84 83.5 84 84 84 83.5 84 83.75 84 84 84 84 84 84.5 84.75 84.25 84.5 84.5 85 85 85 85 85 85 85 85 85 85 85 85 85 85 85 85 84.75 84.75 85 85 85 85 85 85 85 85 85 85 85 85.25 85.5 85.75 85 85 85 85 85 85 85 85 85 85.5 85.5 85.75 85.25 85 85 85 85 85 85 85 85 85.25 85.75 85.25 85 85 85 85 85 85 86 86 86 86 86 86 86 86 86 86 85.5 85.75 86 86 86 86 86 86 86 86 86 85.5 85 85 85 85.5 85 85 85 85 85 85 85 85 85 85 85 85 85 85 84 84 84.5 84.75 85 84.25 84 84.5 84.25 83.75 85 85 84.5 84.75 84 84 83.75 83.25 83.5 84 83 83 83.25 83.25 83 83.5 83 83.25 83.25 82.75 82.25 82 81.75 81.5 81.75 82 82 82 82 81 80.25 80.5 81 81 81.25 81 81 81 80.25 80 80 80 80 79.5 79.25 79 79 78.75 78 78 78 NA NA NA NA NA NA NA NA NA NA NA NA NA NA NA NA NA NA NA NA NA NA NA NA NA NA NA NA NA 
NA NA NA NA NA NA NA NA NA NA NA NA NA NA NA NA NA NA NA 81.5 82 81.5 81.5 82.5 83 82.75 82.75 82.75 83.75 83.5 84 84 84 83.75 83.5 83.25 84 84 84 83.75 83.5 83.5 83.25 83.75 84 84 83.5 83.25 84 83 83.75 84 84 84 84.25 84.5 84 84 84 84.5 85 85 85 85 85 85 85 85 84.5 85 85 85 85 85 85 84.25 84.75 85 85 85 85 85 85 85 85 85 85 85 85 85 85 85 85 85 85 85 85 85 85 85 85 85 85 85 85.25 85.5 85 85 85 85 85 85 85.25 85.75 85 85 85 85 85 85 85 86 86 86 86 86 86 86 86 86 86 85.75 86 85.25 85.5 85.25 85.75 86 86 86 86 86 85.75 85 85 85 85.5 85.5 85 85 85 85 85 85 85 85 85 85 85 85 84.5 84 84.25 85 85 84.75 84.25 84.5 84.5 84 84.5 85 85 85 84.75 85 84.5 84 84.25 83.75 84.5 83.5 83.75 83.5 83 83.75 83.25 83.5 83.5 84 83.5 83.25 82 82 81.75 81.25 81.75 82 82 81.5 81 80.75 80.75 81 81 81 81 81 81 80.75 80.5 80 80 80 80 79 79.25 79.25 79 78.25 78.25 78 78 NA NA NA NA NA NA NA NA NA NA NA NA NA NA NA NA NA NA NA NA NA NA NA NA NA NA NA NA 
NA NA NA NA NA NA NA NA NA NA NA NA NA NA NA NA NA NA NA 81 81.5 81.75 82 82 82.75 82.25 82 82.75 83.25 82.75 83 82.75 83.25 84 84 83.5 84 83.5 83 83 83 83 83 84 84 84 83 83.5 84 84 83.75 84 84 84 84 84 84 84 84 84 84.5 85 85 85 85 85 84.75 85 85 84.5 85 85 84.5 84.75 84.25 84.5 85 85 85 85 85 85 85 85 85 85 85 85 85 85 85 85 85 85 85 85 86 85.75 85.25 85.75 85.25 85 85 85 85 85 85.25 85.25 85 85 85 85 85 85 85 85 85 85 85.75 85 85 86 86 86 86 86 86 86 86 86 86 86 86 86 86 85 85.5 86 86 86 86 86 86 85 85 85 86 86 85 85 85 85 85 85 85 85 85 85 85 85 85 84 84 84.5 85 84.25 84 84.25 84.25 84.25 84.25 85 85 85 84.5 85 85 85 85 85 85 84.25 84 84 83.75 84 84 83.25 84 84 84 83.75 82.5 82 82 82 81.75 81.5 82 81.5 81.75 81 81.5 81 81.75 81.25 81.25 81 81 81 80.75 80.25 80 80 80 80 80 80 79 79 78.25 78 78 78 NA NA NA NA NA NA NA NA NA NA NA NA NA NA NA NA NA NA NA NA NA NA NA NA NA NA NA 
NA NA NA NA NA NA NA NA NA NA NA NA NA NA NA NA NA NA NA NA 81 81.5 81.25 81.5 81.75 81.5 82 82.75 82.5 82 82.5 82.5 82.5 83.25 83.75 84 84 83.75 83.25 83 83 83 83.25 83.25 84 84 83.5 83 83.75 84 84 84 84 84 84 84 84 84 84 84 84 84 84 84.25 84.75 84.5 84.5 84 84.75 85 85 84 84.25 84 84.25 84.75 85 85 85 85 85 85 85 85 85 85 85 85 85 85 85 85 85 85 85 85 86 86 85 85 85 85 85.75 85.25 85 85 85 85 85 85 85 85 85 85 85 85 85 85 85 85 85 86 86 86 85.75 86 86 86 86 86 86 86 86 86 86 85 85.5 86 86 86 86 86 86 85.25 85 85 86 86 86 85.75 85 85.25 85.25 85 85 85 85 85 85 85 85 84 84.5 84.5 84.25 84 84 84 84.75 85 84.25 85 85 85 84.75 85 85 85 85 85 84.75 85 84 84 84 84.25 84 84 84 84 84 84 83 82.75 81.25 81.75 82.5 82 81.75 81.75 82 82 82 82 81.25 81.25 81 81 81 81 81 80 80 80 80 80 80 80 79.25 79 78.5 78 78 78 78 78 78 NA NA NA NA NA NA NA NA NA NA NA NA NA NA NA NA NA NA NA NA NA NA NA NA 
NA NA NA NA NA NA NA NA NA NA NA NA NA NA NA NA NA NA NA NA NA 80.5 NA NA 80.5 81 82 81.5 81.5 81.75 82.25 82.25 82.5 83 82.75 83.25 83.25 83.75 84 84 83 83 83 83 83.25 83.75 83.75 83.5 83.75 84 84 84 84 84 84 84 84 84 84 84 84 84 84 84 84 84 84 84 84.75 84.5 84.5 84 84 84 84 84.75 85 84.75 84.75 85 85 85 85 85 85 85 85 85 85 85 85 85 85 85 85 85.25 85.75 85 85 85 85 85 85.75 85.75 85.25 85 85 85 85 85 85 85 85 85 85 85 85 85 85 85 85 86 86 86 86 86 86 86 86 86 86 86 86 86 86 85.75 86 86 86 86 86 86 86 85.25 85 85 85.75 85.5 85.25 85.25 85.25 85.75 85 85 85 85 85 85 85 85 84.5 84 84.25 84.25 84 84 84.25 84 84.75 85 84.25 84.5 85 84.25 85 84.75 85 85 84.5 84.5 84.5 85 85 85 84.5 84.25 84 84 84 84 84 84.25 84 83.5 81.75 82 83 82 82.5 82 82 82 82 82 81.5 81 81 81.5 81.75 81 81 80.75 80.5 80.5 80.5 80.25 80 80 79.75 79 79 78.25 78.5 78.5 78 78 78 78 78 78 77.25 NA NA NA NA NA NA NA NA NA NA NA NA NA NA NA NA NA NA NA NA 
NA NA NA NA NA NA NA NA NA NA NA NA NA NA NA NA NA NA NA NA NA NA NA NA NA 80.5 81 NA NA NA 81 81.25 82 82.75 82.5 82.25 82.25 83 83.75 83.75 83.75 83.75 83.5 83.75 83.75 83.5 83 83.75 84 83.75 83.75 84 84 84 84 84 84 84 84 84 84 84 84 84 84 84 84 84 84 84.75 85 84.5 84.25 84 84 84.75 84.75 85 84.25 85 85 85 85 85 85 85 85 85 85 85 85 85 85 85 85 85 85 85 85 85 85.5 86 86 86 86 85.75 85.5 85 85 85 85 85 85 85 85 85 85 85 85 85 85 86 86 86 86 86 86 86 86 86 86 86 86 86 86 86 86 86 86 86 86 86 86 85 85 85 86 86 86 85.5 85 85.75 85 85 85 85 85 85 85 84.5 84 84.75 84.75 84 84 84 84 84 84 84.25 84.25 85 85 85 85 85 85 85 84.25 85 84.5 84.75 85 85 84.5 84.75 84 84 84 84 84 84 84 83.25 82 82.25 83 82.75 82.75 82.5 82 82.25 82.5 82 81.25 81 81.75 82 82 81.25 81 81 81 81 81 80.5 80 79.75 79 79.5 79 78.75 79 79 79 78.5 78 78 78 78 78 77.25 NA NA NA NA NA NA NA NA NA NA NA NA NA NA NA NA NA NA NA 
NA NA NA NA NA NA NA NA NA NA NA NA NA NA NA NA NA NA NA NA NA NA NA NA NA NA NA NA NA NA NA 81 82 82 82 82 83 83.25 83.25 82.25 82.75 82.75 83.25 84.5 84.75 84.5 83.25 83.75 84 83.75 83.5 83.5 83.5 84 84 84 83.75 84 84 84 84 84 84 84 84 84 84 84 84.25 84 84.75 84.25 84.25 84.5 84 84 84 85 84.75 84.25 85 85 85 85 85 85 85 85 85 85 85 85 85 85 85 85 85 85.25 85 85 85 85 85 85.75 86 86 85.75 85 85 86 85 85 85 85 85 85 85 85 85 85 85 86 86 86 86 86 85.5 86 86 86 86 86 86 86 86 86 86 86 86 86 86 86 86 85.25 85 85.5 86 86 86 86 85.75 86 85.5 85 85 85 85 85 84.75 84.75 84.5 85 84.5 84 84 84 84.25 84 83.75 84.25 84.5 85 85 85 85 85 85 84.75 84.5 84.5 84.75 85 85 85 85 85 85 84.25 84 84.25 84 84 84 82.75 82.25 82.75 83 83 83 82.75 82.5 82.25 82.25 83 82.25 81.5 81.5 82 82 81.75 81 81 81 81 81 80.75 80 80 79.5 80 79 79 79 79 79 79 78.5 78 78 78 78 78 NA NA NA NA NA NA NA NA NA NA NA NA NA NA NA NA NA NA NA 
NA NA NA NA NA NA NA NA NA NA NA NA NA NA NA NA NA NA NA NA NA NA NA NA NA NA NA NA NA NA NA NA 81.5 82 82.25 82.5 82.25 82.5 82.5 82.5 83 84 83.75 83.5 83.75 84.5 84.75 84.5 85 84 83.75 83.5 84 84 84 84 84 84.25 84.25 84 84.5 84.75 84 84 84 84 84 84 84.5 84.5 84.5 84 84 84 84 84 84 84 84.25 84.5 84.25 84.75 85 85 85 84.75 84.75 85 85 85 85 85 85 85 85 85 85 85 85 85 85 85 85 85.5 86 86 86 85.75 86 85.25 85 85 85 85 85 85 85 85 85 85 85 86 86 86 86 86 85.5 85 85.5 86 86 86 86 86 86 86 86 86 86 86 86 86 86 86 85.25 85 86 86 85.75 86 86 86 85.5 86 85 85 85 85 85 85.5 85.5 85 84.75 84.25 84.5 84 84 84 84.25 85 84.25 85 84.5 85 85 85 85 85 85 84.25 84 84 84.75 85 85 85 84.75 84 84 84 84 84 84 83.5 82.75 83 83 83.25 83 83 83 82.75 82.5 82.75 82.75 82 81.5 81 82 82 81.5 81 81 81 81 81 80.5 80 80 80 79.25 78.75 79 79 79 79 79 78.25 78 78 78 78 NA NA NA NA NA NA NA NA NA NA NA NA NA NA NA NA NA NA NA 
NA NA NA NA NA NA NA NA NA NA NA NA NA NA NA NA NA NA NA NA NA NA NA NA NA NA NA NA NA NA NA NA 81.66666 82.25 82 81.75 82 82.25 82.25 83 83.25 83.25 83.5 84.5 83.75 83.75 83.5 84 84.25 84.5 84 84.25 84 83.75 83.25 84 84.25 85 84.75 84 84.25 84 84 84 84 84 84 84.5 84.25 84.5 85 84 84 84.25 84.5 84.5 84 84.75 84.25 84 84 84 84.25 84.25 84.25 84.75 84.25 84.75 85 84.5 84.25 85 85 85 85 85 85.25 85 85 85 85 85.75 85.25 85.5 85.75 86 86 86 86 85 85 85 85 85 85 85 85 85 85 85 85 86 86 86 86 86 86 85.5 85.75 86 86 86 85.75 85.25 85.75 86 86 86 86 86 86 86 86 86 85.25 85 86 86 86 86 85.5 85.75 86 86 86 85.5 85 85 85.25 86 86 85.5 85 84.5 84.5 84.25 83.75 83.5 84.5 85 85 85 84.75 84.25 84.75 85 85 85 85 85 85 85 85 85 85 85.25 84.75 84.5 84.5 85 84.25 84 84 83.75 82.5 82 83 83.25 83 83 82.75 83 83 83.25 83.25 82 82 82 82 82 82 81.25 81 81 81 81 81 80.5 80.25 80 79.5 79 79 79 79 79 79 79 78.5 78 78 NA NA NA NA NA NA NA NA NA NA NA NA NA NA NA NA NA NA NA NA 
NA NA NA NA NA NA NA NA NA NA NA NA NA NA NA NA NA NA NA NA NA NA NA NA NA NA NA NA NA NA NA NA 81.5 82 81.75 82 82 83 82.75 83 83 83 82.75 83.5 85 84.5 83.25 84 84.25 85 84.25 83.75 83.5 84.25 84 84 84 84.25 84.75 84.75 84.25 84 83.75 84.25 84 84.25 84 84 84.25 85 85 84.5 84.5 85 85 85 84.5 84.75 84.25 84 84.25 84.5 85 84.5 84 84.25 84 84.25 84.5 85 85 85 85 85 85 85 85 85 85.75 85 86 85.75 86 85.75 85.75 85 85.5 85.5 86 85 85 85 85 85 85 85 85 85 85 85 85 86 86 86 86 86 86 86 86 86 86 85.75 85.75 86 86 86 85 86 86 86 86 85.5 85 85 85 85 86 86 86 85.75 85.75 85.25 85.5 85.75 86 85.75 85 85 86 86 86 85.5 85.5 85 85 84.5 83.75 83.5 84.25 85 85 85.25 85 85 84.75 84.5 84 84 84 84 84.5 85 85 85 84.75 84.75 85 85 84.75 85 84.5 84 84 84.25 84 82.25 83 83 83 83 82 83 83 83 83 82.75 82.25 82 82 82 82 82 81.25 81 81 81 81 80.5 80 80 80 79 79 79 79 79 79 79 79 79 NA NA NA NA NA NA NA NA NA NA NA NA NA NA NA NA NA NA NA NA NA 
NA NA NA NA NA NA NA NA NA NA NA NA NA NA NA NA NA NA NA NA NA NA NA NA NA NA NA NA NA NA NA NA NA 82 81.5 81.5 82 82.75 82.5 82 82.75 83.75 83.5 83.75 84 85 84.5 83.75 84.25 85 84.75 84.5 83.75 84.25 84.75 84.75 84.25 84 84.5 84.5 84 84 83.75 83.75 84.5 85 84.5 84.25 84 84.25 85 84.25 84.5 85 85 84.25 84.25 84.25 84.75 84.75 84.75 84.5 84.25 84 84 84.25 85 84.75 84.25 84.75 85 85 84.75 84.75 85 85 85.5 85.5 85.25 85 86 85.5 85 85 85 85 85 85 85 85 85 85 85 85 85 85 85 85 85 85 85 86 86 86 86 86 86 86 86 86 86 86 86 86 86 86 85.5 86 86 85.75 85.25 85.75 85.5 85.75 85.5 85 86 86 86 85.75 85 85.5 85 85.25 86 85 85 85 85.25 86 86 85.25 85 85 85 84.75 84 83.5 84.75 85.25 85.25 85.75 85.75 85 85 85 85 84.75 84.5 84.25 84.5 84.5 85 85 85 85 85 85 84.75 84.5 84 84 84 84 83.75 83.75 83.25 83.5 83.75 83.5 82.5 83 83 83 83 83 82.5 82 82 82 82 82 82 81.5 81 81 80.75 80.5 80 80 80 79.5 79 79 79 79 79 79 79 NA NA NA NA NA NA NA NA NA NA NA NA NA NA NA NA NA NA NA NA NA NA 
NA NA NA NA NA NA NA NA NA NA NA NA NA NA NA NA NA NA NA NA NA NA NA NA NA NA NA NA NA NA NA NA NA NA NA 81 81.25 81.75 81.75 82.25 82.5 83.75 84 83.5 84.25 85 84.75 85 84.75 85 85.25 85 84 84 84.5 84.75 84 84 84.5 84.75 84.5 84 83.75 83.25 84.25 84.75 85 85 84.5 83.75 84.5 84 84 84 84 84.25 85 85 84.75 84 84 84 83.75 84.25 84 83.75 84 84.5 84.25 84 84.5 84.5 85 84.5 84.25 84.5 85 85 85.5 85.75 85.5 85.25 85 85 85.25 85.25 85 85 85 85 85 85 84.75 84.5 85 85 85 85.25 85.25 85 85 85.5 85.5 85.5 85.5 85.5 85.5 85.5 85.5 85.5 85.5 85.5 85.5 85.5 85.5 85.5 85.5 85.5 85.5 85.5 85.5 85.25 85.25 85 85.25 85.25 85.5 85.5 85.5 85.5 85.25 85 85.25 85.25 85.5 85 85 85.25 85.5 85.5 85.5 85 85 85 84.75 84 83.75 84 85 85 85 85.5 85.5 85 85 85 85 85 85.25 85.5 85.5 85.75 85 85.25 85 85 85 85 84.75 84.25 84 83.75 83.75 83.75 83.5 83.5 84.25 83.75 83.5 83.25 82 83 82.75 83 83 83 83 82.25 82 82 82 82 82 82 81.25 81 81 81 80.25 80 80 80 79.75 79.75 79.5 79 79 79 NA NA NA NA NA NA NA NA NA NA NA NA NA NA NA NA NA NA NA NA NA NA NA 
NA NA NA NA NA NA NA NA NA NA NA NA NA NA NA NA NA NA NA NA NA NA NA NA NA NA NA NA NA NA NA NA NA NA NA NA 81 81.25 81.33334 82 81.5 82.75 83 82.75 83.75 84.5 84 85 85 85 85 85 85 84.5 84.5 84.5 84.25 84.25 84.5 85 85 84.75 84 83.25 83.5 83.75 84 84.25 84 83.75 84.5 84.5 84 84 84 84 84 84.5 84.5 84 84 84.5 83.75 84 84 83.5 83.75 84.5 84.5 84 84 84 84 84.75 84 84.5 85 84.75 85 85 85.75 85 85.5 85.5 85.5 85.5 85 85 85 85 85 85 85 84.75 85 85 85 85 85 85 85 85 85.5 85.75 85 85 85.75 85 85 85 85 85 85 85 85 85 85 85 85 85 85 85 85 85 85 85 85.25 85 85.25 85 85 85 85 85 85 85 85 85 85 85.25 85 85 85 85 84.75 84.25 84 84 84.5 85.25 86 86.5 86.25 86 86 85.75 85.5 85.25 85.5 85.25 85.25 85 85.25 85.75 85 85.25 85 85 84.75 84 84 84.25 83.5 83 83 83 83 83 83 83.25 83.25 82.25 83 82.75 83 83 83 82.5 82 81.5 82 82 81.75 81 81 81 81 80.5 80.25 80 80 80 80 80 79.5 79.5 79.25 79 NA NA NA NA NA NA NA NA NA NA NA NA NA NA NA NA NA NA NA NA NA NA NA 
NA NA NA NA NA NA NA NA NA NA NA NA NA NA NA NA NA NA NA NA NA NA NA NA NA NA NA NA NA NA NA NA NA NA NA NA NA 81 NA NA 81.75 82 81.75 83.25 83.5 83.75 83.75 84 84.5 84.75 85 85 85 85.25 85.5 85.5 85 84 84.5 84.25 84 84 83.75 83.75 84.25 84 84 84 84.5 84.5 84.75 85.25 85 84.75 84.5 84 84 84 84 84.5 84.75 85.25 85.25 85 85 85 85 84.75 84.5 84.5 84 84 84 84.5 84.5 84 85 85 85 85 85.75 86 86.5 86.25 86.25 85.25 85.5 85 85 85 84.75 84.5 85.25 85.5 85.25 85 85 85 85 85.25 85 86 86 85.5 85 85.25 85.5 85.25 85 85 85 85 85 85 85 85 85 85 85 85 85 85 85 85 85 85 85.75 85.75 85.25 85.25 85 85 85 85 85 85 85 85 85 85 85 84.75 84.75 85 85 85 85 84.5 85 85.75 86 87 87 86.5 86.25 86.5 86.25 86.25 85.5 85.75 85.25 85 85 85 85 85 85 85 85 84.5 84 84 84 83 83 83.25 83 82.75 83 83 83 83 82.5 82.5 83 83 82.75 82 82 82 82 82 82 81.25 81 81 81 80.5 80 80 80 80.5 80 80 80 80 80 79 NA NA NA NA NA NA NA NA NA NA NA NA NA NA NA NA NA NA NA NA NA NA NA 
NA NA NA NA NA NA NA NA NA NA NA NA NA NA NA NA NA NA NA NA NA NA NA NA NA NA NA NA NA NA NA NA NA NA NA NA NA NA NA 81 81.66666 82 82.5 83 83.5 83.75 84.25 84.5 84.25 84.75 85 84 84 84 84.75 85 84.75 85 84.75 84.25 84 84 83.75 84.75 85 84.5 84.25 84.5 84.25 85 85.5 86 86 85 85.25 85 84.5 84.5 84.75 85 85.25 85.5 85 85 85 85 85 85 84.5 84 85 84.5 84 84 84.75 84 85 85 85.25 86 86 85.5 85.75 86 86.5 85.5 85 85 85.5 85 85.25 85.25 85.5 86 86 85.25 85 85 85 85 85 85.75 86 86 86 85 85 85 85 85 85 85 85 85 85 85 85 85 85 85 85 85 85 85 85 85 85.75 86 85.75 85.75 85 85 85 85 85 85 85 85 85 85 85 85 85 85 85 85 84.5 84.75 85.25 85.5 86 87 87 87 87 87 86 86 85.75 86 86 86 85.5 85.25 85 85 84.5 84.5 84.25 84 83.75 83.5 84 83.5 83 83.5 83.25 82.5 82.5 83 83 83.25 83 82.25 83 83 82.5 82 82 82 81.75 82 82 82 81.5 81 81 80 80 80 80 80 80 80 80 80 80 80 NA NA NA NA NA NA NA NA NA NA NA NA NA NA NA NA NA NA NA NA NA NA NA 
NA NA NA NA NA NA NA NA NA NA NA NA NA NA NA NA NA NA NA NA NA NA NA NA NA NA NA NA NA NA NA NA NA NA NA NA NA NA NA NA NA 81.25 81.75 82 82.25 83 82.25 83.75 84 84.5 84.75 84.25 83.25 84 84.75 85 85 85 84.75 84.75 84.75 85 84.25 84 84.25 84.25 84 84.75 85 85 85.5 85.75 85.25 85 85.5 86 85.25 85 85 85 85.25 85 85.75 85.5 85 85 84.25 85 85 84.5 85 85 84.75 85 85 85 85.5 86 86 86 86 85.5 86 86 86 85.75 86 86 85.75 85.5 85.75 85.25 85 85.5 85 85.25 85 85 85 85 85 85.25 85.75 86 85.5 85.25 85 85 85 85 85 85 85 85 85 85 85 85 85 85 85 85 85 85 85 85 85.25 85.5 85 85.25 85 85 85 85 85 85 85 85 85 85 85 84.5 84.75 84.75 84.5 84.25 84.5 84.5 84 84 84.25 86 86.25 86.5 85.75 86.5 86.25 86 86.5 86.75 87 86.75 86.75 86.25 85.75 85.25 84.25 83.75 84 84 84 83.5 84 84 83.75 83.25 83 83 82.75 83 83 83 83 82.75 82.5 83 83 82.25 82 81.75 81 81.5 81 81.5 81.75 81.25 81 80.5 80 80 80 80 80 80 80 80 80 80 NA NA NA NA NA NA NA NA NA NA NA NA NA NA NA NA NA NA NA NA NA NA NA 
NA NA NA NA NA NA NA NA NA NA NA NA NA NA NA NA NA NA NA NA NA NA NA NA NA NA NA NA NA NA NA NA NA NA NA NA NA NA NA NA NA NA 81.25 81.5 81.75 82.25 81.25 81.75 82 82.25 83.25 84 83 83.75 83.5 84.5 84.75 85 85 84 84 84 84.25 84 84 84 84 85 84 84.25 85 85 85 85 85.25 85 85.5 85 85 85 85 85 85 85 85.25 85.5 85 84.5 84.75 85 85 85 85 85 85 85 86 86 86 86 86 85.25 85.25 86 85.25 85.25 86 85.5 85 85 85 85 85 85 85 85 85 85 85 85 85 85 85.25 85.25 85 85 85 85 85 85 85 85 85 85 85 85 85 85 85 85 85 85 85 85 85 85 85.25 85 85 85 85 85 85.25 85 85 85 85 85 85 85 85 84.75 84.25 84 84.75 85 84 85 85.25 84.5 84.5 85.25 85.5 85 85.75 86.25 86.25 86 86 86.25 87 87 86.5 86.75 86.5 86.25 85 83.25 84 84 84 83.75 83.5 84 84 83.5 82.75 82.75 83 83 82.75 82.75 82.75 82.5 82.25 83 82.75 83 82 82 81.75 81.5 81 81.25 81.75 81 81 80 80 80 80 80 80 80 80 80 80 80 NA NA NA NA NA NA NA NA NA NA NA NA NA NA NA NA NA NA NA NA NA NA NA 
NA NA NA NA NA NA NA NA NA NA NA NA NA NA NA NA NA NA NA NA NA NA NA NA NA NA NA NA NA NA NA NA NA NA NA NA NA NA NA NA NA NA NA NA NA 81.25 NA 81.25 81.75 82.5 82.5 83.75 83.5 83 83.75 84 84 84.5 84 84.25 84.25 84 84 84.75 84 84 84 84 84 84 84.75 85 85 85 85 85 85.5 85 85.25 85 85 85 85 85 85 85 85 85 84.75 84.25 84.5 84.75 85 85 85 85 86 85.75 86 85.75 85.25 85.25 85.5 85.75 85 85 85.5 85.25 85.25 85 85 85 85.25 85 85 85 85 85 85 85 85 85 85 85 85 85 85 85 85 85 85 85 85 85 85 85 85 85 85 84.75 85 85 85 84 84.5 84.5 85 85 85 85 85 85 85 85 85 85 85 85 85 85 85 85 84.5 85 84.75 85 85 85 84.5 84.75 85 86 86.25 85.75 86.25 86.5 85.75 86 86.5 86.25 86.5 86.5 86.5 87 87 86.5 85.5 83.5 83.75 84 84.25 84 83.75 83.5 83.25 83.25 83.5 83 83 83 83 82.25 82.5 82 83 83 82.25 82 82 81.75 81.75 82 82 81.5 81.25 81 80.5 80 80.25 80 80 80 80 80 80 80 80.33334 80.25 NA NA NA NA NA NA NA NA NA NA NA NA NA NA NA NA NA NA NA NA NA NA NA 
NA NA NA NA NA NA NA NA NA NA NA NA NA NA NA NA NA NA NA NA NA NA NA NA NA NA NA NA NA NA NA NA NA NA NA NA NA NA NA NA NA NA NA NA NA 81 NA 81 81.66666 82 82.25 83 83.75 83.25 83.25 83.75 84 84 84 84 84 84 84 84 84.25 84 84.5 84.5 84.25 84 84.75 85 85 85 85 85 85 85 85 85 85 85 85 85 85 85 85 85.25 85 84.75 84.5 84.5 84.75 85 85 85 85.5 85.25 85 85 85 85.5 85.75 85.5 85.5 85 85 85 85 85 85 85 85.5 85 85 85 85 85.25 85.75 85.25 85 85 85 85.25 85 85 85 85 85 85 85 85 85 85.25 85 85 85 85 85 85 85 84.75 85 84.75 84.25 84 85 85 85 85 85 85 85 85 85 85 85 85 85 85 85 85 84.5 85 85 85 85 85 85 85 85.75 86.5 86 86.25 86 86.75 87 86.25 86.5 87 86.75 86.75 87 86.5 86.75 86 85.5 83.75 83 84 84 84 84 84 83.5 83 83.5 83.75 83.25 83 83 83 82.25 82 82.75 82.75 82.5 82 82 81.25 81.25 81.75 82 81.75 81 80.5 80.5 81 81 80.75 80 80.25 80.5 80.5 NA NA NA NA NA NA NA NA NA NA NA NA NA NA NA NA NA NA NA NA NA NA NA NA NA NA NA 
NA NA NA NA NA NA NA NA NA NA NA NA NA NA NA NA NA NA NA NA NA NA NA NA NA NA NA NA NA NA NA NA NA NA NA NA NA NA NA NA NA NA NA NA NA NA NA NA 81.25 81.5 81.25 82 83.5 82.5 83.25 84 84 84 84 84 84 84 84 84 84 84 84 84 84 84 85 85 85 85 85 84.75 85 85 85 85 85 85 85 85 85 85 85 85 85.5 85 85 84.25 85 85 85 85 85.25 85 85 85 85 85 85 85 85 85 85 85 85 85 85 85 85 85 85 85.25 85 85 85 85 85 85 85 85.5 85 85 85 85 85 85 85 85 85 85 85 85 85 85 85 85 85 85 85 85 84.25 84 85 85 85 85 85 85 85 85 85 85 85 85 85 85 85 85 85 85 85.25 84.75 85 85 85 85.25 86 86.5 86.75 86.75 86.5 86.25 86.5 87 87 87 86.5 86.5 86.25 86.25 86.25 86 85.75 84.5 83 83.75 84 84 84 84 84 83.5 83.25 83.75 83.75 83 83 83 82.5 82 82.5 82 82 82 82 81.5 81.25 81.25 82 81 80.75 81 81.25 81 81 81 81 80.75 81 81 NA NA NA NA NA NA NA NA NA NA NA NA NA NA NA NA NA NA NA NA NA NA NA NA NA NA NA 
NA NA NA NA NA NA NA NA NA NA NA NA NA NA NA NA NA NA NA NA NA NA NA NA NA 79 NA NA NA NA NA NA NA NA NA NA NA NA NA NA NA NA NA NA NA NA NA NA 81.66666 82.25 82 81.5 82.5 82.25 82.75 83 84 84 84 84 83.75 83.75 84 83.75 83.75 84 84 84 84.75 85 85 85 85 85 85 85 84.25 84.5 84.5 84.75 85 85 85 85 85 85 85 85 85 85 85 84.5 84 85 84.75 85 85.25 85 85 85 85.5 85.75 85.5 85.25 85 85 85 85 85 85.25 85 85 85 85 85 85 85.25 85 85 85 85 85 85.25 85.25 85 85 85 85 85 85 85 85 85 85.5 85.75 85.75 85.5 85.75 85 85 85 85 85 85 84 84 85 85 85 85 85 85 85 85 85 85 85 85 85 85 85 85 85 85.25 85 85.25 85.5 85 85 85.5 85.5 86.5 87 86.5 86.75 86.75 86.75 87 86.75 86.5 86.5 86.5 86 86 86 85.25 84.75 84.5 83.5 83 84 84 84 84 84 84 84 83 83.25 83.5 83 83 83 82.5 82.5 82.25 82 82 82 82 82 81.75 81 81.25 81.75 81.75 82 81.66666 81 81 81 81 81 NA NA NA NA NA NA NA NA NA NA NA NA NA NA NA NA NA NA NA NA NA NA NA NA NA NA NA NA 
NA NA NA NA NA NA NA NA NA NA NA NA NA NA NA NA NA NA NA NA NA NA NA NA NA 80 81 79 79 NA NA NA NA NA NA NA NA NA NA NA NA NA NA NA NA 81 81.33334 81.25 81.75 82.5 82.5 82.5 82 82 82.25 83 83.75 84 84 83.5 83.5 83.5 83.75 84.25 83.75 83.25 84 84 84 84 84.25 85 85 85 85 85.25 85 85 85 84.25 84.25 85 85 85 85 85 85 85 85 85 85 85 85 85 84.5 84.5 85 85 85 85 85 85 85.25 85.75 86 85.5 85.5 85.5 85 85 85 85 85 85 85 85 85 85 85 85 85 85 85 85 85 85 85 85 85 85 85 85 85 85.5 85.5 85.25 85.25 85.25 85.25 85 85 85 85 85 84.25 84 85 85 85 85 85 85 85 85 85 85 85 85 84.75 84.5 85 85 85 85 85.25 85.75 85.75 85.5 85.25 85.75 86 86.75 86.5 86.75 87 87 87 87 86.75 86.25 86.5 86.75 87 86.25 86 85.75 86 84.5 83.25 83 84 84 84 84 84 84 84 83.5 83 83 83 83 83.25 83 83 82.75 82 82 82 82 81.75 81 81 81.75 82 82 NA NA NA NA NA NA NA NA NA NA NA NA NA NA NA NA NA NA NA NA NA NA NA NA NA NA NA NA NA NA NA NA NA NA NA 
NA NA NA NA NA NA NA NA NA NA NA NA NA NA NA NA NA NA NA NA NA NA NA NA NA 79.66666 81.5 81 81.75 81.5 80 80 NA NA NA NA NA NA NA NA NA NA NA NA 81 82 81.75 82 82.5 83 82.5 82 82.25 82.75 82.75 82.25 83 83.75 84 84 84.5 84.75 84 84 84 83.75 83.75 83.5 84 84 84 84 84.25 84.25 84.5 85 85 84.75 84.5 85 84.75 84 85 84.75 85 85 84.5 84.75 85 85 85 85 85 85 85 85 85 85 85.75 85.25 85.25 85.5 86 86 85 85 85.25 85 85 85 85 85 85 85.25 85 85 85 85 85 85 85 85 85 85 85 85 85 85 85 85 85 85 85.75 85.5 85.25 85 84.75 85 85 84.75 85 85 85 85 84.75 84 85 85 85 85 85 85 85 85 85 85 85 84.75 84.25 85 84.75 85 85.5 85.5 85.25 85.25 85.5 85 85.25 85.75 86 87 87 87 87 87 87 87 87 86.75 86.75 87 86 86 86 86 85.5 84.75 84 83.5 84 84 84 84 84 84 84 83.75 83 83 83 83 83 83 82.75 82.25 82 82 82 82 81.75 81.5 81.5 81.25 82 82 NA NA NA NA NA NA NA NA NA NA NA NA NA NA NA NA NA NA NA NA NA NA NA NA NA NA NA NA NA NA NA NA NA NA NA 
NA NA NA NA NA NA NA NA NA NA NA NA NA NA NA NA NA NA NA NA NA NA NA NA NA NA 80 81 82 83 82.25 81.5 80 NA NA 80 NA NA NA NA NA NA NA 81.25 82 82 82 82 82 82.5 82.25 82 82.75 83.25 82.75 83.25 83.5 83.75 84 83.75 83.5 83.5 83.5 83.5 84 84.25 84 83.75 83.5 83.75 84 84.5 84 84 84.5 84 84.25 85 84.75 84 84.25 84.25 84.5 85 85 85 85 84.5 85 85 85 85 85 85 84.5 84.5 85 85 85.25 86 85.5 86 86 85.25 85 85 85 85 85 85 85 85 85 85 85 85 85 85 85 85 85 85 85 85 85 85 85 85 85.5 85.25 85 85.25 85.75 85.25 85 84.75 84.5 84.5 85 84.75 84.75 84.25 85 85 85 84.75 85 85 85 85 85 85 85 85 85 85 85 85 85 84.25 84.25 85 85 85 85 85.25 85 85 85 85.5 86 87 87 87 87 87 87 87 87 86.5 86.25 86 86 86 85.75 85 85 84 83.75 84 84 84 84 84 84 83.5 84 84 83.5 83.25 83 83.25 83.25 83 82.5 82.25 82 82.25 82 82 82 81.75 81.25 81.5 82 82 NA NA NA NA NA NA NA NA NA NA NA NA NA NA NA NA NA NA NA NA NA NA NA NA NA NA NA NA NA NA NA NA NA NA NA 
NA NA NA NA NA NA NA NA NA NA NA NA NA NA NA NA NA NA NA NA NA NA NA NA NA NA 80.5 81.75 82.25 82.5 82.25 80.75 80.5 82.25 82 82 81.25 80.75 81.5 80.5 80.5 80.75 81.25 81.5 82 82 81.25 81.75 82 82.25 82.75 82 82.75 82.75 83 83 84 84 84 84 83.5 83.25 83 83.75 84 84 84 84.5 84.5 84 83.75 84.25 84 84.25 84 84 84.75 85 85 85 84.75 83.75 84 84.25 84.75 85 85 84.5 84.75 85 85 85 85 85 85 85 85 85 85 85 85 85.75 86 85.75 85 85 85.25 85 85 85 85 85 85 85 85 85 85 85 85 85 85 85.5 85 85 85 85 85 85 85 85 85 85 85 85 85 85 85 84.5 84.25 85 85 85 84.75 85 84.75 84 85 85 85 85 85 85 85 85 85 85 85 85 84.75 84.75 84.75 85 84.75 84.5 85 84.5 84.25 84.5 85.25 85.75 86 87 87 87 87 87 87 87 86.75 85.75 86 86 85 85.75 85.75 85 84 84 84 84 84 84 83.75 84 84 83.5 84 84 84 83.25 83 83 83 83 82.75 83 82 82 82 82 82 81.75 82 82 82 82 NA NA NA NA NA NA NA NA NA NA NA NA NA NA NA NA NA NA NA NA NA NA NA NA NA NA NA NA NA NA NA NA NA NA NA 
NA NA NA NA NA NA NA NA NA NA NA NA NA NA NA NA NA NA NA NA NA NA NA NA NA NA NA NA 81.75 82.75 82 81 81 81.5 83.25 83.5 83.25 83.5 83 83 82.5 82.25 81.75 81.5 82 82.5 81.75 82 82 82 82 82.75 82.25 82.75 82.75 83 83.25 84 84 83.75 83.5 83.75 83.25 83.75 84 84 84 84 84 84 83.5 84 84 84 84 84.25 84.75 84.75 84.75 84.5 84.5 84.5 84 84 84 84.75 84.75 85 85 85 85 85 85 85 85 85 85 85 85.5 85 85 85.5 85.5 85.75 85.75 85.75 85.75 85 85 85 85 85 85 85 85 85 85 85 85 85 85 85.25 85 85 85 85.25 85.5 85.75 85 85 85 85 85 85 85 85 85 84.25 84 84.25 85 85 84.25 84.25 84 84.75 85 85 85 85 85 85 85 85 85 85 85 85 85 85 85 85 84 85 85.25 85.25 85.25 85 85.5 85.5 85.75 86.25 86.5 87 87 87 86.5 86.5 85.25 85.75 86.25 86 85 85 85 84.75 84 83.75 84 84 84 84 84 84 84 83.5 84 84 83.5 83.25 83 83 83 83 82.75 82.5 82.5 82 82 82 82 82 82 82 82 NA NA NA NA NA NA NA NA NA NA NA NA NA NA NA NA NA NA NA NA NA NA NA NA NA NA NA NA NA NA NA NA NA NA NA NA 
NA NA NA NA NA NA NA NA NA NA NA NA NA NA NA NA NA NA NA NA NA NA NA NA NA NA NA NA NA 83.75 83.25 82.75 82.5 83 84 84 84 84.25 84 84.25 83.75 82.75 82.25 83 82.5 82.75 81.5 82 82.25 82 82.25 82.75 82.5 83.25 83 83.25 84 84 84 84 83.75 83.25 83.25 84 84 83.25 83.75 84 84 83.5 83.75 84 84.25 84.5 84 84.75 84.75 84 83.75 84.5 84.75 84.75 84.75 83.5 83.75 84.5 84.25 84.75 85 85 85 85 85 85 85 85 85 85.25 85 85 85.25 85 85 85 85.5 85 85.5 85 85 85 85 85 85 85 85 85 85 85 85 85 85 85.25 85 85 85 85 85.5 85.75 85 85 85 85 85 85 85 85 85 84.75 85 84.5 84.5 84.25 84 84.5 84.25 84 85 85 85 84.5 84.5 85 85 85 85 85 85 85 85 85 85 84.5 84.25 85 85 85 85 85.25 86 85 85.5 87 86.75 87 87 86.75 86 85.25 86 86 85.75 85 85 84.75 84.75 84 84 84 84 84 84 84 84 83.75 83.25 83 83.75 83.5 83 83 83 82.75 82.25 82.25 82.25 82 82 82 82 82 82 82 82 82 82 NA NA NA NA NA NA NA NA NA NA NA NA NA NA NA NA NA NA NA NA NA NA NA NA NA NA NA NA NA NA NA NA NA NA NA NA 
NA NA NA NA NA NA NA NA NA NA NA NA NA NA NA NA NA NA NA NA NA NA NA NA NA NA NA NA NA 83.66666 83 83.5 83.25 83.25 83 83.5 84.5 84.25 85 85 84.5 84.25 84 84.25 84.5 84 83 82.75 83.5 84 84 84 84 84 84 83.75 83.25 83.5 84 84 84 84 84 84 84 84 83.25 84 84 84 84 84 84.5 85 85 85 84.5 84.25 83.75 83.75 83.75 83.25 83.25 84.5 84.25 84 84 84 84 84.5 85 85 85 85 85 85 85 85 85 85 85 85 85 85 85 85 85 85 85 85 85 85 85 85 85 84.75 84.5 85 84.75 85 85 85 85 85.25 85.75 85 85 85.5 85.25 85 85 85 85 85 85 85 84.75 85 85 85 85 85 85 84.75 84 84 85 85 85 84 84.5 85 85 85 85 85 85 85 85 85 85 85 84.5 85 85 85 84.75 85 85 84.5 84.75 86 86 87 87 86.75 86.25 85.25 85 85.5 85 85 84.75 85 84.25 84 84 84 84 84 84 83.75 83.25 83.25 83.5 83.25 84 84 83.5 83 83 83 82.25 82 82 82 82 82 82 82 82 82 82 82 82 NA NA NA NA NA NA NA NA NA NA NA NA NA NA NA NA NA NA NA NA NA NA NA NA NA NA NA NA NA NA NA NA NA NA NA NA 
NA NA NA NA NA NA NA NA NA NA NA NA NA NA NA NA NA NA NA NA NA NA NA NA NA NA NA NA NA NA 83 83 83 83.25 83 83.25 83.75 84.75 85 84.75 84.5 85 84.75 85 85 85 84.25 84.25 84 84 84 84 84 84.5 84.5 84 84 83 83.75 84 83.5 84 84 84 84 84 84 84 84 84 84 84 84.5 84.25 85 85 84.75 83.75 84.25 84.5 84.75 84.75 84 84.25 84.25 84.5 84.5 84 84.5 84 84 84.5 85 85 85 85 85.25 85 85 85 85 85 85 85 85 85 85 85 85 85.25 85 85 85 84.75 84.25 84.25 84.25 85 84.5 84.25 84.75 85 85 85.5 85.5 85.25 85.5 85 85.25 85 85 85 85 84.75 84.75 84.5 84.75 85 85 85 84.5 84 84 84 84 84 85 85 85 84.25 84 85 85 85 85 85 85 85 85 85 85 85 85 85 84 84 84.5 85 84.75 84.25 85 86 86 86 86.25 86.5 86.25 86 85 84.5 84.75 84 84.75 84.5 84 84 84 84 84 84 84 83.75 84 83.5 84 83.25 83.75 83.75 84 83.5 83 83 83 82.5 82 82 82 82 82 82 81.5 82 82 82 82 NA NA NA NA NA NA NA NA NA NA NA NA NA NA NA NA NA NA NA NA NA NA NA NA NA NA NA NA NA NA NA NA NA NA NA NA 
NA NA NA NA NA NA NA NA NA NA NA NA NA NA NA NA NA NA NA NA NA NA NA NA NA NA NA NA NA NA NA 82.66666 83.75 83.5 83.5 83.25 83.25 84.5 85 85 84.75 84.5 84.5 84.25 84 84.25 84 84 84 84 83.5 83.5 84 84 84 84 84 84 83.75 83.25 83.25 83.25 83.5 84 84 84 84 84 84 84 84 84 84 84 84 84 84 84 84 84 84 84 84.5 84 84.75 84.5 84.75 85 84 84 84.25 84.75 85 84.75 85 85 85 85.5 85.5 85.5 85 85 85 85 85 85 85 85 85 85.25 85.75 85.5 85.5 85 84 84 84 85 84 84 84.75 85.25 85.5 86 85.75 86 85.25 85.25 85.25 85.5 85.25 85 85 85 84.75 84.25 84.25 85 85 85 84.5 84 84 84 84 84 85 85 84 84 84 85 85 85 85 85 85 84.5 85 85 85 85 85 84.5 84.5 84 84 84.75 84.25 85 85 85.75 86 85.75 86 86 86 86 86 85 84.5 84 84 84 84 84 84 84 84 84 84 84 84 84 84 83 83.5 84 83.75 83 83 83 82.5 82 82.25 82 82 82 82 81.75 81 82 82 82 NA NA NA NA NA NA NA NA NA NA NA NA NA NA NA NA NA NA NA NA NA NA NA NA NA NA NA NA NA NA NA NA NA NA NA NA NA 
NA NA NA NA NA NA NA NA NA NA NA NA NA NA NA NA NA NA NA NA NA NA NA NA NA NA NA NA NA NA NA NA 83.66666 83.5 83.5 83 84.25 84 85 84.75 84.75 85 84.25 84 84 84 84 84.25 84.25 84.5 83.75 83 84 84 84 84 83.5 84 84 83.5 83.5 83.25 83 83.25 83 83.25 84 84 84 84 84 84 84 84 84 84 84 84.75 84.25 84 84 84 84 84.5 84.75 84.25 84.25 85 84.75 84.5 84 84 84 84 84.75 85 85 85 85 85 85.5 85.75 85.25 85 85 85 85 85 85 85 85 86 85.5 85 84.25 84 84 84 84.5 84 84.25 85 85 85 85 85.75 85.75 85 85.5 86 85.5 85.5 85 85 84.75 84 84 84.25 85 84.5 84 84 84 84 84 84 85.25 84.75 84.75 84.25 84 85 85 85 85 85 85 84.5 85 85 85 85 84 84.75 84 84 84 84 84 84 84 85.25 85.75 85 85.5 85.5 86 85.25 85.75 85 85 84.25 84 84 84 84 84 84 84 84 84 84 84 84 83.5 83.25 84 84 84 83 83 83 82.75 82.25 82 82 82 82 81.5 81.5 81.25 81 81.5 81.66666 NA NA NA NA NA NA NA NA NA NA NA NA NA NA NA NA NA NA NA NA NA NA NA NA NA NA NA NA NA NA NA NA NA NA NA NA NA 
NA NA NA NA NA NA NA NA NA NA NA NA NA NA NA NA NA NA NA NA NA NA NA NA NA NA NA NA NA NA NA NA NA 84 83.5 83.25 84 84.25 84.5 84.5 84.25 84 84 84 84 84.25 84 84.25 84.5 84.75 84.5 83.75 83.75 84 84 84 84 84.5 84.5 84.5 84.25 84 83.25 83.25 83.5 83 83.75 84 84 84 84 84 84 84.5 85 85 84 84.25 85 84.25 83.75 84 84 84 84 84 84 84 84.75 85 84.75 84.5 84 84 84.25 85 85 85 85 85 85 85.5 86 85.75 85.5 85 85 85 85 85 85 85.5 86 85.25 84.25 84 84 84 84 84 84 85 85.5 85 85.25 85.25 86 85.5 86 86 85.75 85 85 85 84.75 84 84 84 84 84 84 84.25 84 84 84.5 84.75 86 85 84 84 84 85 85 85 85 85 84.75 85 85 85 85 85 85 85 84.75 84.5 84.25 85 85 84.75 84.25 85.75 86 85.5 85 85 85 85 85 85 84.25 84 84 84 84 84 84 84 84 84 84 84 84 84 84 83.25 84 84 83 83 83 83 83 82.25 82 82 82 82 81 81 81.25 81.25 81.75 NA NA NA NA NA NA NA NA NA NA NA NA NA NA NA NA NA NA NA NA NA NA NA NA NA NA NA NA NA NA NA NA NA NA NA NA NA NA 
NA NA NA NA NA NA NA NA NA NA NA NA NA NA NA NA NA NA NA NA NA NA NA NA NA NA NA NA NA NA NA NA NA NA 83.25 82.75 83 82.75 83.5 83.5 83.25 83 83.75 84.75 85 85 84 84 84.5 85 85 84.5 84 84.5 84 84 84 84 84.5 85 85 85 84.5 84 83.75 83.5 83 83.75 84 84 84 84 84.25 84 84.5 85 84 84.5 84 84.75 84.5 84 84 84 84 84 84 84 84 84.5 85 85 84.75 84.25 84 84.75 85 85 85 85 85 85 85 85 85.25 85 85 85 85 85 85 85 86 85.75 85 84 84 84 84 84 84 84.75 85 85 85 85 86 85.25 85.5 85.25 85 85 84.75 84.75 85 85 85 85 84.75 84.75 84.75 84 84 84 84.75 85 85.5 84.75 84 84 84 85 85 85 85 85 84.5 84.75 85 85 85 84.75 85 84.25 85 84.75 84.25 84.25 84.75 85 85 85 85 85 85 84.5 84.5 84.5 84.75 84.75 84.5 84 84 84 84 84 84 84 84 84 84 84 84 83.75 83 83 83.25 83 83 83 83 82.75 82 82 82 81.75 81.5 81.5 81 81 81 81.5 82 NA NA NA NA NA NA NA NA NA NA NA NA NA NA NA NA NA NA NA NA NA NA NA NA NA NA NA NA NA NA NA NA NA NA NA NA NA NA 
NA NA NA NA NA NA NA NA NA NA NA NA NA NA NA NA NA NA NA NA NA NA NA NA NA NA NA NA NA NA NA NA NA NA NA 83 83.33334 82 83.25 83.5 83.25 83 83.25 83.75 84 85 85 84 84 84 84.5 84.25 84 84.5 84.5 84.25 85 84.75 85 85 85 85 85 85 85 84.25 83.75 83 83.25 84.25 84 84 84 84 84.5 84.25 84 84 84.5 84.25 85 84.25 84.5 84 84 84 84 84 84 84 84.25 85 85 85 84.25 84.25 85 85 85 85 85 85 85 85 85 85 85 85 85 85 85 85 85.5 85.5 85.25 84.75 84 84 84 84.5 84.5 85 85 85 85 85 85.75 85.25 85 85 85.5 85.25 85 85 84.75 85 85 85 85 85 84.25 84 84.5 85 85 85 85.5 84.25 84 84 84.25 85 85 85 85 85 84.5 84.5 84.5 84.25 84 85 85 85 85 84.5 84 84.25 84 84.25 84.5 85.75 85.75 85.25 85.25 84.5 84 84 84 84.25 84.25 84 83.5 84 83.25 83.5 83.5 83.75 83.25 83.25 83.25 83 83.75 83.75 83 83 83 83 83 83 82.75 82.5 82.25 82 82 81.75 81.25 81.5 81.5 81 81 81.25 81 NA NA NA NA NA NA NA NA NA NA NA NA NA NA NA NA NA NA NA NA NA NA NA NA NA NA NA NA NA NA NA NA NA NA NA NA NA NA 
NA NA NA NA NA NA NA NA NA NA NA NA NA NA NA NA NA NA NA NA NA NA NA NA NA NA NA NA NA NA NA NA NA NA NA NA NA 82.75 82.75 83 83 83 83.75 83.75 84.5 84.75 85 85 84.75 84.25 84 84 84 84 84 84.5 84.75 85 85 85 85 85 85 85 84.5 84.5 84.5 84.5 84.75 84.5 84.75 84.5 84 84 84 84.25 84.25 84 84.25 84.75 84.25 84.75 85 84.5 84 84 84 84 84 84.75 84.25 84.75 85 85 85 85 85 85 85 85 85 85 85 85 85 85 85 85 85 85 85 85 85 85 85 85 85 84 84 84 84.5 85 85 85 85.25 85.25 85.25 86 85 85.25 85 85.25 85 84.5 85 85 85 85 85 84.75 85 84.75 85 84.75 85 84.75 85 84.25 84 84 84.5 85 85 85 85 85 84.5 84 84 84.5 85 85 85 85 85 84 84.25 84.5 84.25 84.5 84.25 85 85.5 85.25 85.75 85.5 85.25 84.25 84.25 84 84 84.25 84.5 85 85.25 84 83.25 84.25 83.75 83.5 83.25 83 83 83.25 83 83 83 83.25 83 83 82.75 82.5 82 82 82 82 81.75 82 81.5 81 81 81 81 NA NA NA NA NA NA NA NA NA NA NA NA NA NA NA NA NA NA NA NA NA NA NA NA NA NA NA NA NA NA NA NA NA NA NA NA NA NA 
NA NA NA NA NA NA NA NA NA NA NA NA NA NA NA NA NA NA NA NA NA NA NA NA NA NA NA NA NA NA NA NA NA NA NA NA NA NA NA 83 83 83.25 84 84.5 85.5 85.5 85 85 85.75 85.25 85 84.5 84.5 84.25 84.25 84 84.25 84.5 85 85 85 85 85 84.75 85 84.5 84 84.5 84 83.5 83.5 84.5 85 84.75 85 84 84 84.25 84.75 85 84.75 84.25 84.25 84.75 84.25 84 84 84.5 84.75 85 85 84.75 84.75 85 85.25 85 85 85 85 85 85 85 85 85 85 85 85 85 85 85 85 85 85 85 85 85.25 85.25 84.75 84 84 84.5 85 85 85 85 85.5 85 85.25 85.25 85 84.75 85 84.75 85 85 85 85 85 85 85 85 85 84.75 84 84 84 84.5 84 84.75 84.75 84 84.75 85 85 85 85 84.5 84 84 84.75 85 84.25 84.5 84.25 84 84.25 84.25 84 84 84.25 84.75 85.75 85.25 85 85 85.75 85.75 85 85 84.5 84.25 84.75 85.5 85.5 85.5 85.25 84 84 84.25 84.25 83.25 83.5 83 83 83.5 83 83.25 83 83 83 82.5 82 82 82 82 82 81.75 81.75 81.5 81 81 81 81 81 NA NA NA NA NA NA NA NA NA NA NA NA NA NA NA NA NA NA NA NA NA NA NA NA NA NA NA NA NA NA NA NA NA NA NA NA NA 
NA NA NA NA NA NA NA NA NA NA NA NA NA NA NA NA NA NA NA NA NA NA NA NA NA NA NA NA NA NA NA NA NA NA NA NA NA NA NA 83 83.5 83.5 84.25 84.75 84.75 85.5 85 85 85 85 85.5 85.5 85 85 84.75 84.25 84 84 84.75 85 84.75 84.5 84.25 84 84.25 84.5 83.5 84.25 84.5 83.75 83.5 83 83.5 83.75 83.75 83.5 83.5 83.5 84 84.5 84.5 84.75 84 84.5 84.5 84 83.5 83.5 84.25 84.5 84.5 84.5 84.5 84.5 84.75 85 85.25 84.75 84.5 84.5 84.75 84.5 84.75 85 85 85 85 85 85 84.75 85 85 84.75 84.5 84.5 84.5 84.5 84.25 84 84 84.5 85 85 85 84.75 84.75 85.25 85.25 85.75 85.5 85.25 85 84.5 84.25 85 85 84.75 84.5 84.25 84.25 84.25 84.5 84 84 84.25 84 84 84.5 84.5 84.5 84 84.25 84.5 84.5 84.5 84.5 84.5 84 83.75 84 84.25 84 84 84 84 84 84 84 84 84 84 84.5 84.75 84.75 85 85.25 84.75 84.5 84.75 85 85 85 85 85 85 85 84.75 84 83.75 84.25 84 84 83.25 83 83.25 82.75 83 82.75 82.25 82.75 82.5 81.5 82 81.75 82 82.25 81.5 81.25 80.75 80.5 80.75 81 81 80.5 81 NA NA NA NA NA NA NA NA NA NA NA NA NA NA NA NA NA NA NA NA NA NA NA NA NA NA NA NA NA NA NA NA NA NA NA NA 
NA NA NA NA NA NA NA NA NA NA NA NA NA NA NA NA NA NA NA NA NA NA NA NA NA NA NA NA NA NA NA NA NA NA NA NA NA NA NA NA 83 83 83.25 84 84.5 85 85 84.75 85 85 85 85.75 86 85.25 85.25 85.5 85 84.25 84 85 85 85 84.25 84 84 84.25 83.75 83.5 84 84.5 84.75 84 83.75 83.75 83.75 84 84 83.25 83.75 84 84 84.25 84.75 84.5 84 83.75 83.5 84 84 84 84 84 84 84 84 84.75 85 84.75 84.25 85 85 85 85 85 85 85 85 85 85 85 85 85 85 84.5 84.25 84 84.25 84 84 84 84 85 85 85 85 85 85.5 85 85.25 85 85 85 84.5 84 84.75 85 85 85 84.75 84.75 84 84 84 84 84.25 84.25 84 84 84 84 84 84 84 84 84 84 84 84 84 84 84 84 84 84 84 84 83.75 83.5 83.5 83.25 83.25 84.5 84.25 85 85 85 84 84 85 84.75 84.75 85 84.5 84.5 84.5 84.5 84.25 84 83.25 83.75 84 83.75 83.25 83 83 82.25 82.5 82.5 82 82.5 83 82.25 81.5 81.5 81.25 81.5 81 81 80.5 80 80 80.5 80.5 81 81 NA NA NA NA NA NA NA NA NA NA NA NA NA NA NA NA NA NA NA NA NA NA NA NA NA NA NA NA NA NA NA NA NA NA NA NA 
NA NA NA NA NA NA NA NA NA NA NA NA NA NA NA NA NA NA NA NA NA NA NA NA NA NA NA NA NA NA NA NA NA NA NA NA NA NA NA NA NA NA 83.5 83.75 84.25 84.5 83.75 84.25 84.75 85 85.25 85.75 86 86 85.75 85.25 85 85.25 85 85 85 85 84.75 84 84 84.25 84.5 83.75 83.75 85 84.5 84.75 84.75 84 84 84 84 83 83.25 84 84 84 84 84 84 84 84 84 84 84 84 84 84 84 84 84.25 85.5 85 85 85 85 85 85 85 84.75 85 85 84.5 84.25 84 84.5 84.75 84.5 84.5 84 84 84 84 84 84 84 85 85 85 85 85 85 84.5 84.5 84.75 85 84.5 85 84.25 84 84 84.5 84 84.25 84 84.5 84.25 84 84.5 84.75 84 84 84 84 84 84 84 84 84 84 84 84 83.5 84 84 84 84 84 84 84 84 84 83.75 83 83.5 83.5 84.5 85.25 85 84.75 85 84 84 84 84 84 84 84 84 84 84 84 84 84 83.5 83.75 84 83.5 83 83.25 83 82.75 82.25 82 82.25 83.25 83 82.25 81.5 81.25 81 81 81 80.5 80 80 80.25 80.5 80 80.5 NA NA NA NA NA NA NA NA NA NA NA NA NA NA NA NA NA NA NA NA NA NA NA NA NA NA NA NA NA NA NA NA NA NA NA NA 
NA NA NA NA NA NA NA NA NA NA NA NA NA NA NA NA NA NA NA NA NA NA NA NA NA NA NA NA NA NA NA NA NA NA NA NA NA NA NA NA NA NA 84 84 84 84.25 84 84.75 85.5 85.75 85.5 86 86 86 85 85 85 85.5 85.25 85.5 85 84.75 84.5 85 84.5 84.25 83.25 83.75 85 84.25 84 84.75 84.25 84 84 84.25 83.5 83 83.25 84 84 84 84.25 84 83.75 84 84.25 84 84.25 84.25 84 84 84 84 84 84.75 85 85 85 85 85 85 85 84.25 84 84.25 84 84 84 84 84 84 84 84 84 84 84 84 84 84 84 85 85 84.75 84.5 84.5 85.25 84.75 84.25 84.75 85 84.25 85 85 84.25 84 84 84 84 84 84.75 84.75 84.75 84 84 84 84 84 84 84 84 84 84 84 84 84 84 83.5 84 84 84 84 84 84 84 84 84 84 84.25 84.5 84 84.75 85 85 84.75 84.5 84 84 84 84 84 84 84 84 84 84 84 84 83.75 83 83.75 84 84 83.5 83.25 83 83 82.5 82.25 82.5 83 82 82 81 81 81 81 80.75 81 80.25 80 80.25 80.25 80.5 80.5 81 NA NA NA NA NA NA NA NA NA NA NA NA NA NA NA NA NA NA NA NA NA NA NA NA NA NA NA NA NA NA NA NA NA NA NA 
NA NA NA NA NA NA NA NA NA NA NA NA NA NA NA NA NA NA NA NA NA NA NA NA NA NA NA NA NA NA NA NA NA NA NA NA NA NA NA NA NA NA 85 85 84.25 84.25 84.25 85 85 85.5 85.25 85.5 86 86 86 85.5 85 85 85 85.5 85.25 85 85 85 85 84.5 83.75 84.25 84.25 84.25 84.5 84.5 84.25 84.75 84.5 84.5 84 84 83 83.75 84 84 84 84 84 84 84.25 84.25 84.25 84.5 84.75 84.25 84 84 84 85 85 84.75 84.25 84.25 84.5 84.5 84.5 85 84 84 84 84 84 84 84 84 84 84 84 84 84 84 84 84 84 85 85 84.75 84 84 84.25 84.75 84 84.25 84.75 84.25 85 84.25 84 84.25 84 84 84 84.25 84 84 84.5 84.5 84 84 84 84 84 84 84 84 84 84 84 83.5 83.25 83.75 83.75 83.25 83.5 84 84 84 84 84 84 84 84.25 84.5 84 84.5 85 85 84.75 84.5 84 84 84 84 84 84 84 84 84 83.75 83.5 84 84 83 83.25 83 83.25 83.25 83.5 82.75 82.5 82.25 82 82.25 82.75 82 81.25 81 81 81 81 80.25 80.5 80.25 80 80 80 80.25 80.25 80.25 NA NA NA NA NA NA NA NA NA NA NA NA NA NA NA NA NA NA NA NA NA NA NA NA NA NA NA NA NA NA NA NA NA NA NA 
NA NA NA NA NA NA NA NA NA NA NA NA NA NA NA NA NA NA NA NA NA NA NA NA NA NA NA NA NA NA NA NA NA NA NA NA NA NA NA NA NA NA NA 85 85 84 84.5 85.25 85.5 85.5 85.5 85.25 85.75 86 86 86 85.75 85 85 85 84.5 84.75 85 85 85 84.5 84 84.5 84.5 85 85 84.5 84.75 84.25 84 84.25 83.5 83 83.25 83.75 84 84.25 84.75 84.75 84.25 84.25 84 84.25 84.75 85 85 85 85 84 84.5 84.75 85 84.25 85.25 84.5 84 84 84 84 84.25 84 83.75 84 84.25 84 84 84 84 84.25 84 84 84 84 84 84 84 85 84.75 85 84.75 84 84 84 85 84.25 84 84.25 84.5 84 84 84 84 84 84 84 84 84 84 84 84 84 84 84 84 84 83.75 83.75 83 83.5 83 83 83.25 84 83.5 83 83.25 83.75 84 84 84 84 84 84 84 84 84 85 84.5 85 84.25 85 84 84 84 84 84 84 84 83.75 84 83.25 84 83.5 83.75 83.5 83 83 83 83.25 83.25 82.5 82 82 82 82 81.75 82 81.25 81 81 81 80.5 80 80 80 80 80 80 80 80 79.5 79.5 80 NA NA NA NA NA NA NA NA NA NA NA NA NA NA NA NA NA NA NA NA NA NA NA NA NA NA NA NA NA NA NA NA NA 
NA NA NA NA NA NA NA NA NA NA NA NA NA NA NA NA NA NA NA NA NA NA NA NA NA NA NA NA NA NA NA NA NA NA NA NA NA NA NA NA NA NA 84.33334 84 85.25 84.75 84 84 85 85.75 85.5 86 86 86 86 86 86 86.25 85.5 85.5 85.25 84.5 84.5 84.5 84.75 84 84.5 85 85 85 85 85 85 84.25 84.25 83.75 84.5 84 83 83.75 84 84 84.25 84.5 85 85 84.75 84 84.75 84.75 85 85 85 85 85 84.5 85.25 84.25 85 85.5 85 84 84 84 83.5 84 83.75 84 84.75 84 84 84.75 84.25 84 84.5 84.25 84 84 84 84 84 84.75 84 84.25 84.5 84.25 84 84 84.5 84 84.25 84 84 84 84 84 84 84 84 84 84 84 84 84 84 84 84 84 84 84 84 84 83.75 83 83 83.25 83 83 83 83 83 84 84 84 84 84 84 84 84 84 84 85 84.75 84.25 84.5 84.25 84.25 83.75 84 84 83.75 83.25 83 83 83 83 83 83 83 83.5 83 83 83 83 83.25 82.5 82 82.25 82.25 82 82 81.75 81.5 81.25 81 81 80 80 80 80 80 80 80 79.25 79.25 79 79 79 79 79.5 NA NA NA NA NA NA NA NA NA NA NA NA NA NA NA NA NA NA NA NA NA NA NA NA NA NA NA NA NA NA NA 
NA NA NA NA NA NA NA NA NA NA NA NA NA NA NA NA NA NA NA NA NA NA NA NA NA NA NA NA NA NA NA NA NA NA NA NA NA NA NA NA 83 83 83.5 84.25 84.5 84.75 84.5 85 85.25 85.75 85.5 85 85.25 85.75 86 86 86 86.25 85.75 85.5 85.75 86 85.5 85.5 85.5 85.25 84.5 85 85 85.25 86 85.5 85.25 84 84 83.75 83.75 83.5 83.5 83.25 83.25 83.75 84 84.5 84.75 84.75 85 85 85 85 85 85 85.25 85 85.5 85 85 85 86 85.75 85.5 84.5 84 83.25 83.75 84.5 84.5 84.5 84.75 84.75 85 84.5 84.25 84 84.5 85 84.5 84 83.75 83.5 83.75 85 84.5 84 84 84 84 84 84 84 84 84 84 84 84 84 84 84 84 84 84 84 84 84 84 84 84 84 84 84 84 84 84 83 83.75 84 84 83.5 83.5 83.25 83 83.75 84 84 84 84 84 84 84 84 84 85 84.5 84.25 84 84.5 84.75 84 83.5 83.75 83.25 83 83.25 83.25 82.5 83 83 82.25 82 82.25 82 82 82.5 83 82.25 82.25 83 82.5 82.25 82 81.5 81.5 81 81 81 80.5 80 80 80 80 80 79.75 79.5 79.75 80 79.5 79 78.5 78.25 79 NA NA NA NA NA NA NA NA NA NA NA NA NA NA NA NA NA NA NA NA NA NA NA NA NA NA NA NA NA NA NA 
NA NA NA NA NA NA NA NA NA NA NA NA NA NA NA NA NA NA NA NA NA NA NA NA NA NA NA NA NA NA NA NA NA NA NA NA NA NA NA NA NA 83.25 83.75 83.5 83.5 83.25 83.25 83.75 84.25 85 85.25 85 85 85 86 86 86 86.5 85.75 85.25 85.5 85.25 85 85.25 85 85 84.5 85.5 85 84.75 85 85.25 85.25 84 85.25 84.25 83.5 83.75 84 84 84 84 84 84.5 84.25 84 84.5 85 85 85 85 85.25 85.5 85.75 86 85.25 85 85 85.5 86 85.25 84 84.25 83.25 83.5 84 84.25 85.75 84.75 84.25 84.25 84.25 84 84.25 84.5 85 85 84.25 84 83.5 83.5 84 84 84 84 84 84 84 84 84 84 84 84 84 84 84 84 84 84 84 84 84 84 84 84 84 84 84 83.75 84 84 84 83.75 83.25 84 84 84 84 83.75 83.25 83 83 83 83 84 84 84 84 84 84 84 84.5 84 84 84.75 84 84.5 84.25 83.75 83.5 84.5 83.5 83.25 83.25 84 83.5 83.5 83.25 82.75 83.5 83.5 83 82 82 82 83 82.75 82 81.5 82 81.5 82 81 81 81 80.5 80 80 80 80 80 80 80.25 79.25 79.75 79.75 80 79.25 78.25 78.5 NA NA NA NA NA NA NA NA NA NA NA NA NA NA NA NA NA NA NA NA NA NA NA NA NA NA NA NA NA NA NA 
NA NA NA NA NA NA NA NA NA NA NA NA NA NA NA NA NA NA NA NA NA NA NA NA NA NA NA NA NA NA NA NA 83 82 NA NA NA NA NA NA NA 83.25 84 84 84.75 84.25 83.5 83.25 83.25 84.75 85 85 85 85.75 86 86 85.75 86.5 86.25 86 86.5 86 86 86 85.5 86.25 85.75 85.25 86 86.25 86 85 86.25 85.75 85.5 84.75 84.5 84.75 84.25 84.25 84 84 84 83.5 84 84 84.5 84.5 85 84.75 84.75 85 85 85.75 85.75 85.5 86.25 85.5 85.25 86 85 84.75 84 84 83.5 83.75 84.25 85.75 85.5 84.75 84.5 84.5 84 84 84 84 85 84.75 83.5 83.5 83.75 84 84 84 84 84.25 84 84 84 84 84 84 84 84 84 84 84 84 84 84 84 84 84 84 83.75 83.25 83.5 83.75 84 84 84 84 84 84 84 84 84 84 83.75 83.5 83.25 83 83.75 83.25 83.25 84 84 84 84 84 84 84.5 84 84 84.5 84.75 84.75 84.75 84.25 84 84.5 84.5 84.5 84.25 84 84.5 85 84.5 84.5 84.25 84 83.25 82.75 82 82.25 82.25 82.5 81.75 81.5 81 81 81 81 81 81 81 80 80 80 80 80 80 80.25 79.75 79.5 79.5 79.5 80 79.75 79.5 79.5 NA NA NA NA NA NA NA NA NA NA NA NA NA NA NA NA NA NA NA NA NA NA NA NA NA NA NA NA NA NA 
NA NA NA NA NA NA NA NA NA NA NA NA NA NA NA NA NA NA NA NA NA NA NA NA NA NA 83.75 84 84.75 84.5 84.25 83.75 83 83 82.33334 NA NA 84.5 NA NA NA 83.33334 83 83.25 84 84.75 84.75 84.75 84.25 83.75 84.5 85 85 85.75 85 85.75 86 86 87 86.75 86.25 86 86.5 86 85.5 85.75 86 85.5 85.25 86 86.5 86.25 85.5 85.5 86 85.25 84.5 84.25 84 84.5 84.75 84.5 84.25 84.25 84 84 85 84.5 85 85.25 85.25 85 85.25 86 86.5 86.75 87.75 87.25 86.75 86.5 85.75 85.5 84 84.25 84 83.5 84 84.5 84.25 84 84.75 84.75 84.25 84.5 84 84.5 84.5 85 85 84.25 83.5 84 84.25 84 84 84 84.25 83.75 84 84 84.25 84 84 84 84 84 84 84 84 84 84 84 84 84 84 84 84 84 84 84 84 84 84 84 84 84 84 84 84 83.25 83.25 83 83.75 83.75 83.25 83.25 84 84 84 84 83.75 84.25 84.25 84 84 84.75 84.5 84.25 84.5 84 84.25 85 84.5 85 84.25 84 84 84.5 84.25 84 84 83.75 83.5 82.75 82.5 82.25 82.5 81.75 81 81 81 81 81 81 81 80.25 80 80 80 79.5 80 79.75 80 80 80 79.25 79.25 79.5 79 79 79.5 NA NA NA NA NA NA NA NA NA NA NA NA NA NA NA NA NA NA NA NA NA NA NA NA NA NA NA NA NA NA 
NA NA NA NA NA NA NA NA NA NA NA NA NA NA NA NA NA NA NA NA NA NA NA NA NA NA 84.5 84.5 85 84.25 83.5 84 84 84.25 83.5 83 83 84 84 85 85.25 84 83.25 83.75 84 84 84.25 85 85 85 84.5 85.75 85.25 85 85.5 86 86.25 86 86.5 86.5 86.75 86.5 87 86.75 86.25 86.25 86.5 86.5 86 85.75 86.25 86.5 86.5 85.75 85.5 85.25 84.75 84.25 85.25 85 84.5 85.25 85 85 84.75 84 84.25 84.25 84.5 84.75 84.75 85.25 86 86 86 86 87 86.5 86.5 86.75 86.75 85.75 84.25 84 84 83.75 83.5 83 83.5 83.75 84.5 84.5 84 84.75 84.75 84.5 84.5 85 85 85 85.5 85.5 85.5 85 84.5 84.25 84 84 84 84 84 83.75 84 84 84 84 84 84 84 84 84 84 84 84 84 83.75 84 84 84 84 84 84 84 84 84 84 83.75 83.75 84 83 83 83 83 84 84 83 83 83.5 84 84 83.75 84 84 84 84 84 84.25 84 84 84 83.75 83.75 84 84 84 84 84 84 84 84 84 83.5 83.75 83 82.25 82.5 83 82.25 81.25 81 81 81 81 80.75 80.25 80 80 79.5 79.75 79.75 79.25 79 79 79.5 79.5 79.5 79.25 79 79 79 79.5 NA NA NA NA NA NA NA NA NA NA NA NA NA NA NA NA NA NA NA NA NA NA NA NA NA NA NA NA NA NA 
NA NA NA NA NA NA NA NA NA NA NA NA NA NA NA NA NA NA NA NA NA NA NA NA NA NA 85 85 85.75 85.5 85 85.25 85.5 84.5 83.75 NA 83.5 84 83.75 84 84.25 84 84 83.5 84 84 84.25 84.5 84 85 86 86 85.5 85 85.5 86 86.5 86.25 86 86 86.25 86.5 86.75 86.75 87 87 86.75 86.5 86.25 86.5 87.25 87.25 87 86 84.75 85 85 85 86 85 84.75 85 85 85 84.5 84.75 84 85 85.25 86 85.75 86 86 85.75 85.5 85.75 87 86 85.5 85.5 86.25 86.25 85.75 85.5 84.5 84.5 84 83 83.25 84.25 85 84.25 84.75 84.75 85 85 85 85.25 86 85.25 85.5 86 86 86 86 85.5 85 84.5 83.75 84 84 84 84 83.5 83.5 84 84 84 84 84 84 84 84 84 83.75 83 83.25 84 84 84 83.5 83.25 83.5 83.5 83.5 84 84 84 83.75 83.25 83 83 83 83.75 83.75 83.5 84 83 83.25 83.75 84 84 84 84 84 84 84 84 84 84 84 84 84 84 84 84 84 84 84 83.75 83.25 83.25 83.25 83 83 83 83 82.75 82 81 80.75 80.5 80 80 80 80 80 79.75 79 79.5 79 79.25 79 79 79 79 79 79.25 79 78.5 79 NA NA NA NA NA NA NA NA NA NA NA NA NA NA NA NA NA NA NA NA NA NA NA NA NA NA NA NA NA NA 
NA NA NA NA NA NA NA NA NA NA NA NA NA NA NA NA NA NA NA NA NA NA NA NA NA NA 85.25 86 86 85 84.5 85 85.5 84.5 83.5 84 84.5 84.5 84.5 85 85 84.25 84.25 83.75 83.25 83.75 84.25 84.25 84 84.5 85 85.5 85.75 85.5 85.5 86 86.25 86.25 86.25 86.25 86.5 86.75 87 87 87 87 87 86.75 86.25 86.5 86.5 86.75 86.5 85.75 85.5 85.5 85.25 86 86 86 85.5 85 84.25 84.5 84 84.25 84.5 84.25 84.5 85.25 86 86.25 86.5 86.25 85.25 85 86.25 86.25 85.5 85.5 85 85.5 85.25 86.25 86 84.5 83.25 82.5 83.25 83.75 84.5 85.5 85.5 85 86 85.5 86 86.5 86 85.5 85.25 86.75 86.25 85.25 86 86 85.5 84.75 84.5 84 84 84.25 84 84 84 83.5 83 83.5 83.75 84 84 83.75 83.5 83.5 83 83 83 83.75 84 83.75 83 83 83.25 83.75 83.25 83 83.5 83.75 84 83 83 83 83 83.5 83.75 84 83.25 83 83 83 83.25 84 84 84 84 84 84 84 84 84 83.5 83.25 83.5 83.5 84 84 84 83.5 83.25 83 83 83 83 82.75 82.25 81.75 82 82 82 81 80.75 80 80 80 80 79.25 80 79 79 79 79 79 79 78.5 78.25 78.5 78 78 78 78 78 NA NA NA NA NA NA NA NA NA NA NA NA NA NA NA NA NA NA NA NA NA NA NA NA NA NA NA NA NA NA 
NA NA NA NA NA NA NA NA NA NA NA NA NA NA NA NA NA NA NA NA NA NA NA NA NA 86.25 86.25 85.5 85.5 85.5 85.25 84.25 84 83.75 83.75 85.25 84.5 85 85.75 86 86.25 86.25 85.75 84.75 84.25 84 83.25 84.5 85.25 85.75 85.25 85 85 85 85.5 85.5 86 86.75 86 86 86.5 86.5 86.5 86.5 86 86.5 87 87.25 87 87.5 88 87.5 86.75 85.75 86 86 85.5 86.25 85.25 85 85 84.75 85 85 84 85 85.75 85 85.25 85.75 86 85.25 86 86.25 86 85.25 85 85.5 84.75 84.5 84 84.25 84.5 85.25 85.25 85.25 84 82.75 83.5 84.5 85 85.5 84.75 84.75 85 84.5 85.25 86 85.5 85 85 85.5 85.5 85.5 86 86 86 85 85 85 84.75 84.75 85 84 84 84 83.75 83.75 84 83.75 83.25 83.25 83.5 83.25 83 83 83 83.5 83.5 83 83 83 83 83.25 83.75 83.5 83 83.5 83.25 83 83 83 83 83 83.75 83.5 83 83 83.25 83 83 84 84 84 84 84 84 84 84 83.75 83.75 83.25 83 83 83.75 84 83.5 83 83.5 83.5 83.25 82.75 82.5 82 82 82 82 82 81.5 81 80 80.75 80.25 80 80 79.5 79.25 79.25 78.75 78.5 78.75 78.5 78.25 78 78 78.25 78.5 78.5 78 78 78 79 NA NA NA NA NA NA NA NA NA NA NA NA NA NA NA NA NA NA NA NA NA NA NA NA NA NA NA NA NA 
NA NA NA NA NA NA NA NA NA NA NA NA NA NA NA NA NA NA NA NA NA NA NA NA 85 85 86.25 85.75 85 85.75 84.75 84 84.25 85.25 86.25 85.25 84.25 84.75 85 85.75 85.75 86 86.75 86.75 85.5 84.25 83.75 83.25 83.5 84.5 85.5 86 85.75 86.25 85.75 86.25 86.5 86.5 86 86.5 86.5 86.75 86.25 86.25 86.75 86.75 87 87 87.25 87 88 87.5 87.25 86.75 85.75 85.75 86 86 86 85.25 85.25 85.5 85.5 85 84.75 84.5 85 85.5 86.75 86 85.5 85.5 85.25 85.75 85.25 85 85 85.5 85.25 86 84.75 84 84.25 84.75 85 84.5 83.75 83 83.5 84 84 84.75 84 84.25 84 84.5 84.75 85.25 86 85.25 85 85.25 85.5 85 85 85.25 85.25 85 85 85 84.75 84.75 84.25 84.25 84 84 83.75 84 84 83.5 83 83 83.5 83 83 83 83 83 83 83 83 83 83 83 83 83 83 83.5 83 83 83 83 83 83 83.25 83 83 83 83 83 83 84 84 84 84 84 84 84 83.25 83.75 84 84 83.75 83.5 83.5 83.5 83.25 82.5 82.75 82.75 82.5 82 82 82 82 81.75 81.5 81.25 81 80.25 80.25 80.25 80.5 80 80 79.75 79.25 79 79 78.5 78 78.25 78.5 78 78 78 78 78.5 78 77.25 77.25 78.5 NA NA NA NA NA NA NA NA NA NA NA NA NA NA NA NA NA NA NA NA NA NA NA NA NA NA NA NA NA 
NA NA NA NA NA NA NA NA NA NA NA NA NA NA NA NA NA NA NA NA NA NA NA NA 86.5 86 85.25 85.25 85.25 85 85 85.25 86 86.75 86.25 86.25 86.25 86.5 85.75 85 86.5 86.75 87 87.5 87 86 85 84.5 84.5 83.5 84.5 85.5 85.75 86.5 86.5 86.75 87 87 87.25 87.25 87 87 87 87 86.5 86.75 87 87.5 87.25 87 87.75 87.75 87.25 87.75 87.25 86 85.75 85.75 86 85.25 85.25 85.75 86 85.25 85.25 85 85.5 85.75 86.5 87 86.75 86.5 86 85 85 84.75 85.75 86.25 86.5 87 85.5 84.75 84 84.25 85 85.25 83.75 83 83.75 84 84.5 84.75 84.25 84 84.25 84.25 85.5 86.25 86.5 86.75 85.75 85.75 86 85.75 85 84 84.5 85 85 84.5 85 84 84 84 83.75 83.75 83.25 83.25 83.5 83.5 83 83 83.25 83 83 83 83 83 83 83 83 83 83 83 83 83 83 83 83 83 83 83 83 83 83 83 83 83 83 83 83 84 84 84 84 84 84 83.5 83.75 84 84 84 83.5 83 83 83 82.75 82.25 82 82 82 82 82 82 81.25 81 81 80.75 80.5 80.5 80.5 80.25 80.5 80.75 81 80.25 79.75 79.75 79.25 78.5 77.75 77.75 77.5 78 77.75 77.75 77.75 77.25 77 77.25 77 77.75 78.66666 NA NA NA NA NA NA NA NA NA NA NA NA NA NA NA NA NA NA NA NA NA NA NA NA NA NA NA NA 
NA NA NA NA NA NA NA NA NA NA NA NA NA NA NA NA NA NA NA NA NA NA NA NA NA NA 86.66666 85.5 85.5 85 85.5 85.75 86.25 87 86.5 86.5 86 86.75 87.25 86.25 86.25 86.5 87 87.5 86.75 87 86.25 85.25 85 84 84.25 84.75 85 85.25 85.5 85.75 86 86.5 87.5 87.5 87.5 87.25 88 88 87 86.5 87 87.5 88 88 87.75 87.5 88 87.25 87.25 86.25 85.5 86 85.75 85.75 85 85.25 86 85.75 85.25 85 85.25 86.25 87 86.25 86.25 86.25 86.25 85.25 86.25 86.25 86.25 86.75 87.5 87.25 86.25 85.25 84.25 84.25 84 84 83.5 83 83 83.25 83.5 83.25 83.5 84.25 84.75 85.25 85.5 86 86.75 86.75 86 86 86.75 86.25 85 85 84.5 84.25 84.75 84.75 84.5 84.25 84 84 83.75 83.75 84 84 83.5 83 83 83 83 83 83 83 83 83 83 83 83 83 83 83 83.25 83 83 83 83 83 83 83 83 83 83 83 83 83 83 83 83 84 84 83.75 83.5 84 84 83.75 83.75 83.25 84 83.75 83 83 83 82.5 82 82 82 82 82 82 82 81.5 81.5 81 81 80.5 80.5 80.5 81 81 80.75 80.25 80.75 80.25 80 80 79.25 78.5 78 77.5 77 76.75 76.75 77 77 77.5 76.75 77 77 77.25 78.25 78.5 NA NA NA NA NA NA NA NA NA NA NA NA NA NA NA NA NA NA NA NA NA NA NA NA NA NA NA 
NA NA NA NA NA NA NA NA NA NA NA NA NA NA NA NA NA NA NA NA NA NA NA NA NA NA NA NA 87 86.25 86.5 86.25 86.75 87 87 86.25 87.25 88 88.5 87.75 87 87.25 88 87.5 86 86 86.25 85.75 84.5 84.25 85.25 86 86.5 86.25 86.5 86.25 86.5 86.25 86.75 87.25 87.75 87 87.75 87.75 87 87.5 87 87.5 88 88 88 88 88.25 88 88 87 86.5 86.5 86.25 86.25 85.25 85.5 86 85.25 85 86 86 87.5 87.25 86.5 86.25 86.25 85.75 85.5 86.25 86.75 87.25 87.25 87 87 86.5 84.75 85.25 84.75 84 83.5 83.5 83.5 84 83.75 83.5 83 83.75 84.25 85 85 85.5 85.5 86.5 86 86.25 87 86.25 86.5 86 84.75 84.5 85 84.25 84 84.25 84 84 83.75 83.25 83.75 83.5 83.5 83 83 83 83 83 83 82.75 82.5 83 83 83 83 83 83 82.75 83 84 83.5 83.25 83 83 83 83 83 83 83 83 83 83 83 83 83 83 84 84 84 83.25 83.75 84 84 83 83 83.5 83 83 83 82.75 82.5 82.5 82.5 82.25 82 82 81.5 81.5 81.5 81 80.25 80.75 80 80 80 80.25 80.25 80 80 80 80 80 79.5 79.25 79 78.75 78 78 77.5 76.25 76.25 76.5 76 76.75 77 77 77 77.25 77.5 76.75 77 NA NA NA NA NA NA NA NA NA NA NA NA NA NA NA NA NA NA NA NA NA NA NA NA NA 
NA NA NA NA NA NA NA NA NA NA NA NA NA NA NA NA NA NA NA NA NA NA NA NA NA NA NA NA NA NA NA 87.66666 87.5 87 87.25 87.5 87.75 88.75 89 89 88.5 88.5 88.5 87.75 87.5 86.5 85.25 85.5 85 84.75 85.5 85.75 86 87 87.5 87 87.5 87.25 87.25 87.75 88 87.75 87.75 88 88 88 87 87.75 88 88 88 88 88.25 88.5 88.5 88.5 88.5 87.25 87 86.5 85.75 86.25 86 85.75 85.5 86 87 87.75 87.25 87.75 87.25 87 86 85 85.5 86 87.25 87 87 87.25 86.75 85.75 85.5 84.75 85 84.5 84 84 84 83.25 83 83.5 84 84.75 85 84 84.25 84.75 85 85 85.75 86.5 86 87 87 86.5 84.75 84 84 84 84 84.25 84 84 83.25 83 83 83 83 83 83 83 83 82.25 82 82 82.75 82.5 83 83 83 83.5 83 82.25 83 84.25 83.75 83.5 83.25 83 83 83 83 82.5 82.25 83 83 83 83 82.5 82 83 83 83 83 83 83.25 84 83.25 83 83 83 83 82.5 83 83 83 83 83 82.5 82 81.25 81 81 81 80 81 80 80 80 80.25 80 80 80 80 79.75 79.5 79 79 79 78.75 78.75 78.5 78 77 76 76 76.5 76.25 76 76.25 77 76.25 76.25 76 76.5 77 77.5 NA 78 NA NA NA NA NA NA NA NA NA NA NA NA NA NA NA NA NA NA NA NA NA 
NA NA NA NA NA NA NA NA NA NA NA NA NA NA NA NA NA NA NA NA NA NA NA NA NA NA NA NA NA NA NA NA 89 88 88.25 88.5 89 89 89 89.25 89 89 89 89.25 88.75 87.75 86.25 85.5 85 85.75 86 86 86.5 87 86.75 86.5 87.5 88.25 88.5 88.5 88 88 87.75 88 88 88 87.75 88 88.25 88 88.75 89 89 88.25 88.25 88.25 89 87.5 86.5 86.5 86.5 87.5 86.5 86.25 86.5 86 87.25 88 88 88 87.25 86.5 86.25 85.75 85.5 86 87 87.5 87 87 87 86.25 85.75 85.25 85 84.75 84.25 84.25 84 84 83 83.75 83.5 84 85 84 84.25 85.5 85.25 85 85.25 86 86 86.5 87 86.25 85 84.5 84.25 84 84 84.5 84 84 83.75 83.25 83 83 83.25 83 83 83 82.5 82 82.5 82 82.75 82.75 83 83 83 83.25 83.25 82.75 83 83.5 84.25 84.5 83.25 83 83 83 83 82.75 82.5 83 83 82.25 82.25 82 82 83 83 83 83 83 83 83 83 83 83 83 83 83 83 83 83 83 83 82.75 82 81.5 81 81 81 80.75 80.75 80 80 80 80 80 79.75 79 79 79 79.25 79 79 78.75 78 78.25 78 78 76.75 76 75.75 75.5 75.5 76 76.25 76.5 76 76 76 76 76 76.25 76.5 76.5 77.33334 NA NA NA NA NA NA NA NA NA NA NA NA NA NA NA NA NA NA NA NA 
NA NA NA NA NA NA NA NA NA NA NA NA NA NA NA NA NA NA NA NA NA NA NA NA NA NA NA NA NA NA NA NA NA NA NA 89.33334 89.25 89.75 89.5 89.5 89 89 89 89 88.5 87.75 87 86.25 85.25 85 85.5 85.5 85.75 86.75 86.5 86.5 87.5 88.75 89 89 89 89 88.25 88 87.75 88 88 88 88.25 88.5 88.5 88.25 88.25 88.75 88.75 89 88.5 87.75 87.25 86.5 86.75 87 86.5 86.5 87.5 86 87.25 87 87.5 87.25 87 87.25 86.75 87 85.75 86.75 87.75 87.25 87 87 86.75 85.5 85 85 85.5 84.75 84.5 83.75 83.5 83.25 83 83 83.5 83.25 83.75 83.75 84.75 84.75 84.75 85.25 85.5 86 86.25 86 86.5 85.75 85 84.25 84.25 84 84 84 84.25 84 83.75 83.25 83 83 83 83 82.75 83 83 83 83 82.5 82.25 83 83 83.25 83.5 84 84 83.75 83.5 84.5 84.75 84.25 83.5 83.75 83.25 83 83 82.5 82 82.5 82.25 83 83.25 83 83 83.25 83.25 83 83 83 82.75 83 83 83 83 83 83 83 83 83 83 83 83 82.75 82.5 82 81.25 81 80.75 80 80 80 79.5 79 79 79 79 79.25 79.25 79 79 79 78.5 78 78.25 78 77.75 77.25 76.5 76.25 75.75 75.25 75 74.75 74.5 76 75.75 75.5 75.5 76 75.75 75.75 76.25 77.5 77.5 NA NA NA NA NA NA NA NA NA NA NA NA NA NA NA NA NA NA NA NA 
NA NA NA NA NA NA NA NA NA NA NA NA NA NA NA NA NA NA NA NA NA NA NA NA NA NA NA NA NA NA NA NA NA NA NA NA NA NA 90 90 90 89.5 89.5 89 88.25 87 86.25 87.25 86.25 85.5 85.5 85.25 86 86.25 86.25 87.75 88.5 89 88.5 89 89 89 89 88.75 88.5 88 88 88 88.5 89 89 89 89 89 89 89 89 88.5 87.5 86.5 87 87.75 86.5 86.75 87.25 87 87.25 87.5 87 87.25 87 87.75 87 87.5 86.5 86.5 87.25 88 87.5 87 86.5 85.5 84.75 84.75 85 85 84.5 83.75 83 83 83.25 83.75 84.25 84.75 84.5 83.75 84 84.25 84 84.75 86 86.75 86.75 86.5 86 86.25 85.5 84.25 84.25 84.25 84.25 84 84 83.5 84 83.5 83 83 83 83 82.5 82 82 82.75 83 83 83 83.75 84 83.5 83.75 83.25 84 83.25 84 84 83.75 84.5 84.5 84.75 83.5 83 83 82.5 82 82 82.75 83 83.25 83.25 83 84 84 84 83.5 83 82.25 83 83 83 83 83 83 83 83 83 82.5 82.25 82 82 82 81.75 81.5 80.75 80.75 80.25 80.75 80 79.5 79 79 79 78 78.25 78.5 78.5 78.25 78 78 78 77.75 78 78 77 76.5 75.5 75 75.75 75 75 74.5 75 75.5 76 75.5 75.25 75.75 75.75 76.5 76.25 75.5 76.25 76.75 76 75.25 75.33334 NA NA NA NA NA NA NA NA NA NA NA NA NA NA NA 
NA NA NA NA NA NA NA NA NA NA NA NA NA NA NA NA NA NA NA NA NA NA NA NA NA NA NA NA NA NA NA NA NA NA NA NA NA NA 90.33334 90 90 90 90 89 88 87 86.25 86 85.75 86.25 87 86.75 86.5 86.5 86.25 87.5 88.5 89 88.5 89 89 89.25 89.25 89 89 88.75 89 88.75 88.5 89 89 89 89 89 89 89 89 89 88.5 86.75 87 87.5 87 87 87 88 88 88 87.5 87.5 87.75 87.5 87 87.25 86.75 87 87.25 87.5 87 86 85.25 85 85 84.25 84.25 84.5 84.5 84 84 83.25 83 83.5 84.25 85 84 84 85 85.5 85 84.75 85.25 87 87 86 86 86.75 85.5 84.5 84.5 84.5 84 84 84.25 83.25 83 83.5 83 83 83 83 82.5 82 82 82.75 83 83.25 83 83.25 83.75 83 83.25 83 83.25 83.25 83.5 83.25 83 83.25 83 83.75 83.5 84 83.5 83.25 82.75 82.25 83 83 83 83 82.5 83 83 83 82.5 82.5 83 83 83 83 83 83 83 83 82.5 82 82.25 82 81.75 81.5 81.25 81.25 80.75 80.25 80 80 81 80 80 79.25 79.5 79 78.5 78.75 78 78 78 77.5 77 77 77 76.75 76.75 77 76.5 76 75 74.75 75.5 75.25 75.25 75 74.5 75 75 76 76.25 76.75 76.25 74.5 73.75 74.25 74.75 74.75 73.5 73.75 74.5 NA NA NA NA NA NA NA NA NA NA NA NA NA NA 
NA NA NA NA NA NA NA NA NA NA NA NA NA NA NA NA NA NA NA NA NA NA NA NA NA NA NA NA NA NA NA NA NA NA NA NA NA NA NA 90 90.5 90.25 89.5 87.5 87.25 88 87.5 87 86 86 86.25 86.5 86.75 87.25 87.5 88.5 88 88.5 88.5 88.5 88.75 89 89 89 89 89 89 89 88.75 89 89 89 89 89 89 89 89 89 88.5 87 87.5 87.5 87.5 87.75 88.25 89 88.25 88.75 88 87.75 88 87.25 87 87 86.75 87 88 88 86.75 85.75 85 85 86 85 84 84 84 84 84 83.25 83 83.25 83.5 84.5 85 84.75 85.75 86.25 86.75 86.25 85.5 86.75 87 86.5 86.5 86.25 85 84.5 85 84.25 84 84.5 83.75 83.25 83.5 83 83 82.5 82.5 82.5 82.25 81.75 82 82.25 82.5 82.75 83 83 83.25 83 82.75 83 82.75 83 83 83 83 83 83 83.25 83 82.75 83 82.5 82.5 82.5 82.25 82.5 82.25 82 82 83 83 83 83 82.75 82.75 83 83 83 83 83 83 83 82.5 82.5 82.25 82 82 81.25 81 81 80.75 80 80 79.75 80 80 79.25 79.5 79.5 79 79.5 79 78.5 77.5 77.75 78.25 78 78 77.25 76.25 76 76 76.5 76 75.5 74 74.5 74.5 74.5 75 74.5 74 74.25 75.25 75.75 75.25 74.75 75 74.25 73.25 73.25 73.5 73.25 73 73.5 73.75 NA NA NA NA NA NA NA NA NA NA NA NA NA 
NA NA NA NA NA NA NA NA NA NA NA NA NA NA NA NA NA NA NA NA NA NA NA NA NA NA NA NA NA NA NA NA NA NA NA NA NA NA NA NA 91 91 90 88.5 88 89 88.75 87.5 86.5 86.25 86 86.5 87.5 87.25 87.5 88 89 88.5 88.75 89.5 89 89 89 89 89 89.75 89.5 89 89 89 89 88.75 89 88.5 88.75 89 89 89 88.5 87.5 87.75 87.5 87.75 88 88.75 88.25 88.25 88.5 88.5 88 87.5 87.25 87.75 87.5 87 87 87.5 87 86 85.25 85 85.25 85.5 84.75 84 84 83.75 83.5 83 82.75 83 83.5 83.5 84.25 84.75 86 86 86.5 87 87 86 87 86.5 86 85.25 84.5 84 84 83.75 83.5 83.75 83.75 83.5 82.75 82.75 82.5 82.5 82.5 82 82 81.5 81.5 82 81.5 81.5 82 83 83 83 83 82.5 82 82.75 83 83 83 83 82.5 82.5 82.5 82.5 82 82.25 82 82.25 82.25 82 82.25 82.5 82 82 82.75 83 83 83 83 82.5 82 82.5 83 83 83 83 82.5 82.25 82 82 82 81.5 81 81 81 80 80 79.5 79 79 78 77 77.75 77.5 77 77.25 77.75 78.5 78.75 79 78 78.5 78 78 76.75 75.5 76 75.75 76 75.5 74.25 74 74 74 75 75 74.25 74 74.75 74.25 73.75 74 74.25 73 73.5 73.5 72.75 73.25 73.5 73.5 73.75 74.5 74.33334 NA NA NA NA NA NA NA NA NA NA NA 
NA NA NA NA NA NA NA NA NA NA NA NA NA NA NA NA NA NA NA NA NA NA NA NA NA NA NA NA NA NA NA NA NA NA NA NA NA NA NA NA NA NA 91 90 89 89 88.5 87.5 87.75 87 87.5 86.5 86.5 87.5 88.25 88.75 89 89.5 88.5 88.75 89.5 90 89.75 89.75 90 90 89.75 89 89 89.25 89.25 89 89 89 89 88.25 88.75 89 89 88.5 88 88 88 88 88 87.25 87 86.75 88 88 87.75 88.25 87.5 87.75 88.25 87.25 86.25 86 86 85.25 85 84.75 84.5 84.25 84 84 83.25 82.5 82.25 82.75 83 83.25 83.75 83.5 83.5 85 86 86 86.5 86.75 87 86.5 85.5 85 85 84 84 84.75 83.75 83.5 83 82.5 82.5 82 82 82.25 82 82.25 81.5 81 81.25 82 81.75 81 81 81.25 82.5 83 83 83 82.25 82 83 83 83 83 83 82.5 82.25 82 82 82 82 82 82.25 82.75 82.5 82 82 82 82 82.25 82.5 82.5 82.25 82.25 82.25 82 82 82.25 82.5 82 82 82 82 82 81.5 81.25 81 81 80.25 80 80 79.5 79 79.75 79.5 78.25 77.75 78.5 77.5 77 76.5 76.75 77 77 77.5 77.5 76.75 77.5 77.25 76 75.25 75.25 75.25 75 74.75 74.75 74 73.75 73.5 74 74 73.75 74 73.75 73.75 73.75 73.25 72.5 73 73 74.25 74 74 74.5 74.5 74.25 73.5 73.25 74 NA NA NA NA NA NA NA NA NA NA 
NA NA NA NA NA NA NA NA NA NA NA NA NA NA NA NA NA NA NA NA NA NA NA NA NA NA NA NA NA NA NA NA NA NA NA NA NA NA NA NA NA NA NA 91 89.75 89 88.5 88 88 88.5 88 87.5 87.25 86.25 87 88 90 90.25 90.5 89.25 89.75 90 90 90 89.75 90 90 90 90 89.5 89 89 89 89 89 88.75 88.25 88.25 88.75 88.5 88 88 88 88 88 87 86.5 87 87.25 88 88 89 88.25 88 88.25 87 85.5 85.5 86 85.5 84.75 84 83.5 83.5 83.75 83.25 83 83 83 83.25 83.25 83 83 83 83.25 84.5 85.75 86 86 86.25 87 86.5 85.25 84.25 84.5 84.25 84.5 84.75 83.5 83.5 83.5 83.5 83 82.25 81.5 82 81.75 82.25 81.25 81 81.5 82 81 81 81 81.25 82 82.75 83 82.75 82 82 82.25 82 82.25 82 82 82 82 82 82 82 82 82 82 82 82 82 82 82 82 82 82 82 82 82 82 82 82 82 82 82 82 82 82 81.5 81 81 81 80 80 79.5 79 79 78.75 78.75 79 79 78.25 78 77.75 76.75 76 76 75.75 76.5 76.5 76.25 76.75 76.5 76.5 76.5 75.75 74.75 74.5 74 74 74 74 74 73.25 72.75 73.5 73 73.5 72.75 72.5 72.5 72.5 72.75 73 73.5 73.5 73 73.5 73.75 73.25 72.25 72.75 74 73.75 73 NA NA NA NA NA NA NA NA NA 
NA NA NA NA NA NA NA NA NA NA NA NA NA NA NA NA NA NA NA NA NA NA NA NA NA NA NA NA NA NA NA NA NA NA NA NA NA NA NA NA NA NA 91.5 91.25 90.75 90.25 88.75 89.25 89.25 89 88.75 89 88.25 87.25 87 88.5 89.5 90.75 91 90.75 90.75 90.5 89.75 89.25 89.5 90 90 90 89.5 89 90 89 89 89 89 89 89 88.5 88 88 88 88 88 88 87.75 86.5 87 87.5 86.75 87.25 88 88 88 88 87 86 85 85 85.75 85.75 84.75 84 84 84 83.5 83.25 83 83 83 83 83 83 83.5 83.5 83.75 84.25 85 85.25 86 86.5 86.75 86.25 85 84.25 84.75 84.25 84 83.75 83.5 83.25 83 82.75 82.75 82.75 82 82.25 81.75 82 82.5 82 82 82.25 81.25 81 81.5 81.5 82 82.5 82.25 82 82 82 82 82 82 82 82 82 82 82 82 82 82 82 82 82 82 82 82 82 81.75 82 82 82 82 82 82 82 82 81.5 82 82 81.25 81 81 81.25 81 80.75 80.75 80 79.5 80 79.25 79 78 78.5 79 78.25 78.25 78 78 77.75 77 76.25 75.5 75.5 75.5 76 75.5 75.75 75.75 75.5 75 74.25 74 74 73.25 73.5 73.75 73 73 73 72.5 72.75 72.25 71.5 72 72.5 71.75 71.75 72.25 72.5 72.25 72 73 73.25 72.5 72 72.25 73 71.25 71 NA NA NA NA NA NA NA NA NA 
NA NA NA NA NA NA NA NA NA NA NA NA NA NA NA NA NA NA NA NA NA NA NA NA NA NA NA NA NA NA NA NA NA NA NA NA NA NA NA NA NA NA NA 91.66666 91.25 91 90.25 89.75 89.5 89 89.5 89 88.5 87.25 88.5 88.75 89 89.5 90.25 91 91 90.75 89.75 89.75 89.75 90.5 90.75 90 90 89.75 89.5 89 89 89 89 89 89 89 88 88.25 88 88 88.25 88 87.75 86.25 86.75 86.5 86.25 86.75 87.25 87.75 87.25 86.25 85.5 85.75 85.5 85 85.25 85.5 85.25 84.5 84 83.75 83.5 83 83 83 83.75 83 83 83 83 83 83 83.75 84.25 84.75 85.25 86.5 87 85.75 84.25 84 83.75 84 84 83.5 83 83.25 83 82.75 82.25 82.5 82.75 82.75 82.25 82.25 82.75 82.25 81.75 81.5 81 81.25 82 81.25 82 82 82 82 82 82 82 82 82 82 82 82 82 82 82 81.75 81.25 81 81.25 81.25 81 81.5 81.25 81 81.5 82 82 82 82 82 81.5 81.5 81 81 81 81 81 81 80.5 80.5 80.25 80.25 80 80 78.75 78.5 79.5 79 78.5 77.75 78.25 78.25 78 77.75 77.5 77.5 77 76.25 76 75.25 75 75 74.5 74.5 74.5 74 74.25 73.75 73.25 73.75 73.5 72.75 72.75 73 72.75 73 72.25 72 71.75 71.75 71.75 72.5 71.75 71 71.25 71.25 71.25 71.25 71.75 72.5 72 71.25 71.75 72 70.75 70.25 70.75 NA NA NA NA NA NA NA NA 
NA NA NA NA NA NA NA NA NA NA NA NA NA NA NA NA NA NA NA NA NA NA NA NA NA NA NA NA NA NA NA NA NA NA NA NA NA NA NA NA NA NA NA NA 92 92 90.75 90.5 90 89.5 88 88 88.5 88.5 88.5 89 88.75 89.25 90 90.5 90.5 91 91 90 90.5 91 90.75 90.5 90.25 90 90 89 89 89 89 89 89 88.75 89 89 88.75 88.5 88.5 88 88 87.25 86.25 86.75 87 87 87 86.75 86.25 85.75 85 85 85 85 85.5 85.25 84.5 84 84 84 83.25 83 83 83 83.5 83 82.5 83 82.75 83 83 83 83.66666 84.66666 NA NA NA NA 85 84.25 83.75 83.5 83.75 83.25 83 82.5 82.25 82 82 82 82 82 82.25 82.75 82.75 82.25 81.75 81 81 81 81 81 82 82 82 82 82 82 82 82 81.75 82 81.5 81.5 81.25 81 81 81 81 81 81 81 81 81 81 81 81 81.5 81.5 81.25 81 81 81 81 81 81 81 81 80.5 80 80 80 80 80 80 79.75 78.5 78 78 78.5 78.5 78.25 77.5 77 77.5 77 77 76.75 76.25 76 76 75.25 74.5 74 74 74 73.75 73.25 73 73.25 73 72.75 73 72.25 72 72 72 72.75 71.75 72 71.75 71.75 72 72 71 70.75 70.5 70.75 70.25 70.75 70.5 70.5 71.75 70.75 71 71.5 71.25 69.5 70 70.66666 NA NA NA NA NA NA NA 
NA NA NA NA NA NA NA NA NA NA NA NA NA NA NA NA NA NA NA NA NA NA NA NA NA NA NA NA NA NA NA NA NA NA NA NA NA NA NA NA NA NA NA NA NA NA NA 91 91 89.25 88.5 89 89 88.75 88.5 88.25 89 89 89.5 90 90.25 91 90.75 90 90.5 91 90.5 90 90 90 90 89.5 89 89 89 89 89 89 89 89 89 89 89 88.75 88.25 88 86.5 86 86 86 87 87 86 85.5 85 85 85 85 85 85 84.75 84 83.75 83.5 83.75 83 83 83.75 83.25 83 82.75 82 82.25 83 NA NA NA NA NA NA NA NA NA 84.66666 84 83.25 83.25 83.25 83 82.75 82.75 82.75 83 82.5 81.75 81.75 81.5 81.75 81.5 81.5 81.5 81.5 81 81 81 81 82 82 82 81.75 81.5 81.5 81.5 81.5 81 81 81 81 81 81 81 80.75 80.5 80.5 80.5 80.5 80 80.5 80.5 80.5 80.5 81 81 81 81 81 81 81 81 81 80.5 80.25 80 80 80 80.25 80 80 80 79.75 78.75 78 78 78 77.25 77.5 78 77 77 76.75 76.25 76 76 75.5 76 74.75 74 73.5 73.5 73.5 73 73 72.25 72 72 72 72 71.5 71.5 71.25 71.5 72 71.25 71.5 71.25 71 71.25 72 71.25 71.5 71 70 69.75 69.75 69.5 69.75 71.25 70.5 70.25 70.5 70.5 69.25 69.5 69.5 70 NA NA NA NA NA NA 
NA NA NA NA NA NA NA NA NA NA NA NA NA NA NA NA NA NA NA NA NA NA NA NA NA NA NA NA NA NA NA NA NA NA NA NA NA NA NA NA NA NA NA NA NA NA NA NA NA 90 89.75 89 89.25 88.5 88.5 89 88.25 89 89.25 90.5 90.5 90.5 90.75 90.5 91 91 90 90.5 90.75 91 90 89.5 89 89 89 89 89 89 89 89 89 89 89 88.75 88 88 87.25 86.25 86 86.5 86.75 86.75 87 86.5 85.75 85 85 85 85 85 85 84.75 84.25 83.5 83.25 83.25 83 83.25 83.5 83.5 83.25 82.75 NA NA NA NA NA NA NA NA NA NA NA NA 84 83.25 83 83 83.25 83.75 83.5 82.75 83 82.25 82.25 82.25 80.75 80.75 80.5 81 80.75 81 81 81 81 81 82 82 81.25 81 81.5 81 81 81 81 81 81 81 81 81 80.25 80.5 80 80.25 80 80 80 80 80 80 80 80.75 81 81 81 80.75 80.5 80.5 80.25 80 80 80 80 80 80 79.75 80 79.75 78.75 78.5 78 78 78 77.75 77 77 77.75 78 77.25 76.25 76 75.75 75 75 75.25 75.75 74.25 73.25 73 73 73 72.25 72 72 72 71.75 71.5 72 71.5 70.5 70.25 70.75 71 71 71 71 71 70.75 70.5 70.5 70.75 71 70.25 69.25 68.5 69 69.5 70.75 69.75 69.25 69.75 69 69.5 69.75 69.5 70 NA NA NA NA NA 
NA NA NA NA NA NA NA NA NA NA NA NA NA NA NA NA NA NA NA NA NA NA NA NA NA NA NA NA NA NA NA NA NA NA NA NA NA NA NA NA NA NA NA NA NA NA NA NA NA 91.25 89.75 89.25 89.25 88.75 89.5 89.5 88 89.5 89.75 90 89.5 89.75 90.25 90.75 91.75 91 91.25 91.5 91 91 90.75 90 89.75 89.5 89.75 89 89 89 89 89 89 89 89 88 88.25 88.5 87.75 86.5 86.25 85.75 85.75 87 86.5 86.25 86 85.75 85.5 85 85 84.5 84.25 85 84.5 83.5 83.5 83.5 83 NA NA NA NA NA NA NA NA NA NA NA NA NA NA NA 83.25 83.75 84 83.25 82.75 83 83.25 84 83.5 82.75 82 82 82.5 82.25 81 81 80.75 80.5 80 80.5 81 81 81 81 81.5 81 81.25 81.75 81.25 81 80.25 81 81 81 80.75 80.75 80.25 81 80.25 80.25 80.75 80.5 80 80 80 80 80 79.5 79 80 80 80 80 80 80 80 80 80 80 79.75 79 79 79 79 79 79 78 78 78 78 77.25 78 77 77 77 77.25 78 77.25 76.25 75.25 75 75 74.75 75.75 74.5 73 72.75 72.75 73 72.25 72 72 72 72 72.25 72 72.75 72.25 71.25 70.75 70.5 71 70.5 70.75 70.75 70.5 71 70.25 70 69.75 69.75 70.25 69.75 68.75 68 69.25 69.75 68.75 69.25 68.75 69.5 68.75 68.75 69.25 68.5 69 68.5 68.66666 NA 
NA NA NA NA NA NA NA NA NA NA NA NA NA NA NA NA NA NA NA NA NA NA NA NA NA NA NA NA NA NA NA NA NA NA NA NA NA NA NA NA NA NA NA NA NA NA NA NA NA NA 91 91 90.25 89.5 89 88.5 88.5 89 89.5 89.5 89.75 90.5 90 90.25 91 91.75 92 91.25 91 91 91 90.25 90 90 90 89.5 89 89 89 89 89 89 89 89 89 88.5 88 88 87.75 86.5 85.25 85.5 85.75 85.5 85.25 85.5 85.5 85 85 85 84.25 85 84.25 83.25 84 83.5 83.75 83.75 NA NA NA NA NA NA NA NA NA NA NA NA NA 83 83.33334 83.5 83.75 83.5 83 83.25 83.75 83.5 83 83.5 82.5 82 82.75 82.25 81.25 81.25 82 81 80.25 80 80 80 80.25 80.25 81 81.5 81.25 81 80.75 80.5 80 80 80.75 80.5 80 80.5 80 80 80.25 80.5 81 80.25 79.75 80 79.25 79.5 80 80 79 79.5 80 80 80 80 80 80 79.5 79.25 79 79 79 79 79 78.75 78.25 78 78 78 78 77.75 77 76.75 76.5 76.5 76.5 76.25 76.25 76 77.5 78.25 76 74.5 74 75.75 75.75 73.25 72.5 72 73 73 72.5 72.25 72 72.25 72.5 72.5 72 71.75 71.25 71.75 71.75 71.25 70.25 70 70.25 70 70.25 70.5 70.5 70 69.25 69.5 68.75 68.5 68 68.5 68.75 69 68 68.25 69 68.25 68.5 68 67.5 67.5 67.75 68.5 68.5 
NA NA NA NA NA NA NA NA NA NA NA NA NA NA NA NA NA NA NA NA NA NA NA NA NA NA NA NA NA NA NA NA NA NA NA NA NA NA NA NA NA NA NA NA NA NA NA NA NA NA NA NA 91.5 NA NA 89.66666 89.33334 89.33334 89.5 89.5 90 90 90.25 90.5 91 91.75 92 91.75 91 91.25 91 90.5 90 90.5 90.25 90 89 89 89 89 89 89 88.75 88.75 88.75 88 88 88 88 87.75 86.75 85.5 84.5 84.5 84.25 84.25 84.5 84.75 84.75 85 85 84.25 84 83.5 83.75 84 84 84 84 NA NA NA NA NA NA NA NA NA NA NA NA NA NA 83.5 83.66666 83.5 83 83 83 83 82.75 82.25 82.25 81.25 82.25 82.5 81 80.5 81.5 81.25 80.25 80.5 80 79.75 79.5 79.5 81 81 80.5 80.5 80.25 80 80 80 80 80.75 80.75 80.5 79.75 80 80 80.25 80.5 80.25 80 80 79 79.75 80.25 79.75 79 79.25 79 79.25 80 79.75 79.5 79 79 79 79 79 79 79 78.5 78 78 78 78 78 77.75 77.5 77.25 76.25 76 76 76 75.75 75.5 75.5 75.25 76.75 78 77.75 75.75 76.75 76.25 75 73 71.75 72 72.5 73 73 73 73 72 71.25 71 71 71 71 71 70.5 70.5 70 70 70 69.25 69 69.5 69.25 69.5 70 69.5 68.25 67.5 67.25 67.25 67.5 67.5 68.5 67.5 67.75 68 68 67.25 67 67 67 68 
NA NA NA NA NA NA NA NA NA NA NA NA NA NA NA NA NA NA NA NA NA NA NA NA NA NA NA NA NA NA NA NA NA NA NA NA NA NA NA NA NA NA NA NA NA NA NA NA NA NA NA NA NA NA NA NA NA NA 89.5 90.25 90.5 90.5 91.25 91.5 91 91.75 91.75 91.25 92 92 91.75 91 91 91 91 90 89.5 89.75 89.5 89.5 89 89 88.75 88.25 88.5 88.25 88 88 87.75 88 87.5 87.25 86.5 85.5 85.75 85 84 84 84.25 84.75 84.75 84 84 84 84 83.75 84 84 84 83.5 83 NA NA NA NA NA NA NA NA NA NA NA NA NA NA 84 84 83.25 83 83 82.75 82.25 83 81.5 81.5 82 81.75 81 81.75 81.5 80.75 80.25 80.25 80 79.5 79 80 80 80 80 80 79.75 79.75 80 80 80 80.25 80 79.25 80 80 79.5 79.5 80.25 80.25 80 79.5 79.5 80 80 79.75 79 79 79 79 79 79 79 79 79 78.75 78.75 78.5 78.25 78 78 77.75 77.5 77.5 77.5 77.25 77.25 77.25 76.75 76 76 75.75 75 75 75 75 74.75 76.25 77.5 77 76.5 76 75.75 74.25 72.25 71.25 72 72.25 72.5 73 72.25 71.75 71.25 71 70.5 70 71 71 70 70 70 70 69.75 69 69 68.75 68.5 68.75 69 69 69 68.5 67.75 67.5 66.75 66.5 66.25 66.5 67 67 66.75 66.25 66.25 66.5 66.25 67 
NA NA NA NA NA NA NA NA NA NA NA NA NA NA NA NA NA NA NA NA NA NA NA NA NA NA NA NA NA NA NA NA NA NA NA NA NA NA NA NA NA NA NA NA NA NA NA NA NA NA NA NA NA NA NA NA NA NA 89.75 91 90.75 91 91.75 91.5 91 91.5 92 92 92 92 91.25 91 91 91 90.5 90 90 90 90 90 90 89 88.25 88 88 88 88 88 88 88 87 87 87 86 85.25 84.5 84.25 84 84 84 84 84 84 84 84 84 84 84 84.5 84.5 84 NA NA NA NA NA NA NA NA NA NA NA NA NA NA NA NA 84.5 83.75 84 83.5 84 83 81.75 81.5 82 82.5 81.75 81.25 81.5 80.75 80.25 80 79.75 79.5 79 80 80 79.5 80 80 80 79.25 79.5 79.75 80 80 80 79.25 79.25 79 79.75 79.5 79.25 80 79.5 79.5 79.5 79.75 79.25 79 79 79 79 79 79 79 79 78.5 78 78 78 78 77.75 77.5 78 77 77 77 77 76.75 76.75 76.75 77 76.5 76 75.75 75 75 75 74.75 74 74.75 76 76.5 76 76 75.25 74 72.75 71.75 71.75 72 72 72 71.75 71.25 71 71 70 70 70 70 70 70 69.5 69.5 69.25 69 69 68 68 68 68.5 68.25 68 68 68 67.5 67.5 67.5 66.75 66 66 66 66 66 66 66 66.25 66.5 
NA NA NA NA NA NA NA NA NA NA NA NA NA NA NA NA NA NA NA NA NA NA NA NA NA NA NA NA NA NA NA NA NA NA NA NA NA NA NA NA NA NA NA NA NA NA NA NA NA NA NA NA NA NA NA NA NA NA NA 90 90.5 91.25 92 91.75 91 91 91.25 91.75 92 92 92 91 91 91 90.75 90 90 90 90 90 90 89.5 88.75 88.25 88 88 88 88 88 87.5 87.75 87.25 86.75 85.5 84.75 84.75 85 85.25 84.75 84.25 84 84.5 84 84 84 84 83.75 84 84.25 84 84 84 83 NA NA NA NA NA NA NA NA NA NA NA NA NA NA NA NA NA NA NA NA 82.5 82.75 82.5 NA 82 82 81.66666 80.75 80 79.75 79 79 79 79.75 80 79 79.5 80 80 80 79 79 79.25 80 79.25 79.75 79.25 79 79 79.75 79.5 79 79 78.5 79 78.75 78.75 78.5 78.75 78.75 78.5 78.5 78.5 78.5 78.25 78 78 78 77.5 77.25 77.25 77 77 77 76.75 76.25 76 76 76 76 76 76.25 76 75.75 75 74 74 74 74 73.75 73.5 73.5 75 75.75 75.25 74.5 72.75 71.75 71 71.5 71.75 71 71 71 71 71 70.25 70 70.25 69.5 69.5 69 69 69 69 69 68.5 68 67.5 67 67.5 67 67.5 67.25 67 66.5 66.5 66.5 66.75 66.25 66 65.5 66 65.5 65 65 65.25 NA 
NA NA NA NA NA NA NA NA NA NA NA NA NA NA NA NA NA NA NA NA NA NA NA NA NA NA NA NA NA NA NA NA NA NA NA NA NA NA NA NA NA NA NA NA NA NA NA NA NA NA NA NA NA NA NA NA NA NA NA NA NA 90.66666 NA NA 91.5 91 91 92 NA 92 92 91 91 91 91 91 90.5 90.25 90 90 90 89.75 89 89 88.25 88 88 88 87.75 87.5 87.5 87.25 87 86.5 85 85.75 85 85.25 84 84 84.5 84 84.25 84 84 83.25 83.75 84 84 84 84 83.25 83 NA NA NA NA NA NA NA NA NA NA NA NA NA NA NA NA NA NA NA NA NA NA NA NA NA NA NA 80.75 80 79.75 80 79.75 79 79.5 80 79.5 79.25 80 80 80 79.25 79 78.75 79 79 79.5 79 79 79 79 78.75 78.25 78.5 78 78.5 78 78 78 78.25 78 78 78 78 78 78 77.5 77 77 77 77 77 77 76.75 76.5 76 76 76 76 75.5 75.25 75.25 75.25 75.25 75.25 75 74.5 74 74 73.75 73 73 73 72.5 73.25 74.25 74 72.5 72 71.25 71 71 70.75 70.75 70.25 70 70.5 70.25 70 70 69.5 69 69 69 68 68 68 68 68 67.5 67 67 67 67 67 67 66.5 65.5 65 65.25 65.5 66.5 66 65 65 65 65 NA NA 
NA NA NA NA NA NA NA NA NA NA NA NA NA NA NA NA NA NA NA NA NA NA NA NA NA NA NA NA NA NA NA NA NA NA NA NA NA NA NA NA NA NA NA NA NA NA NA NA NA NA NA NA NA NA NA NA NA NA NA NA NA NA NA NA NA NA NA NA NA NA 92 91 91 91 91 91 91 91 90 90 90 90 89.75 89 89 88.5 88 88 88 87.75 87.25 87 86.75 86 85.75 85.25 85.25 85 85 84 84.5 84.5 84 84.5 84 84 84 84 84.25 84.5 84.25 83.66666 NA NA NA NA NA NA NA NA NA NA NA NA NA NA NA NA NA NA NA NA NA NA NA NA NA NA NA NA 80.75 80 79.5 79.75 79.75 79 79.5 80 79.75 79 79 79 79.75 80 79.75 78.75 78.75 78.25 78.5 78.5 79 78.5 78.25 78 78.25 78.5 78 78 78 78 78 78 78 78 78 78 77.5 77 77 77 77 77 77 76.75 76.5 76 76 76 76 75.5 75 75 75 75 74.75 74.5 74.5 74.5 75 74.5 73.75 73.25 73 73 72.5 72.25 71.75 72 72.25 72.25 72 71.25 70.5 70 70 70 70 70 70 69.75 69 69.5 69 69 68.5 69 68.25 68 68 68 67.25 67 67 67 67 67 67 66.5 65.75 65 65 65 65 64.25 64.5 65 65 NA NA NA NA 
NA NA NA NA NA NA NA NA NA NA NA NA NA NA NA NA NA NA NA NA NA NA NA NA NA NA NA NA NA NA NA NA NA NA NA NA NA NA NA NA NA NA NA NA NA NA NA NA NA NA NA NA NA NA NA NA NA NA NA NA NA NA NA NA NA NA NA NA NA NA 92 91.25 91 91 91 90.5 90.5 90 90 90 90 90 89.75 89 88.75 89 89 88.25 88 88 88 87.25 86.75 86.25 85.75 85 85.75 85.5 84.75 84.25 84.25 84.75 84.75 84.5 84.5 84.5 84.5 84.75 85 85 85 NA NA NA NA NA NA NA NA NA NA NA NA NA NA NA NA NA NA NA NA NA NA NA NA NA NA NA NA NA 80.5 79.5 79.5 79.25 78.5 78.75 79.5 80 79.25 79 79 79 79.75 80 80 79.5 79 78.75 78.75 78.25 78 78 78 78 78 78 78 77.75 77.5 77 77 77.5 77.75 78 77.25 77 77 77 76.5 76.5 77 77 76.75 76 76 76 75.5 75.25 75.5 75 75 75 75 74.25 74 74 74 74 74 74 73.25 73 72.5 72 72 72 72 72 71.25 71 71.5 71.5 70.5 70 69.75 69.5 69.25 69 69.5 70 69.5 70 69 68.75 67.75 68.25 68.25 67.5 67 67 67 67 66.25 66.25 66 66 66 66 66 65.25 65 65 64.75 64 64 63.66667 NA NA NA NA NA 
NA NA NA NA NA NA NA NA NA NA NA NA NA NA NA NA NA NA NA NA NA NA NA NA NA NA NA NA NA NA NA NA NA NA NA NA NA NA NA NA NA NA NA NA NA NA NA NA NA NA NA NA NA NA NA NA NA NA NA NA NA NA NA NA NA NA NA NA NA NA NA 91.66666 91.25 91 90.75 91 91 90.5 90 90 90 90 89.75 89.25 88.75 88 88.5 88 88 88 88 87.5 86.75 86 85.25 86 86 85.25 84.25 84 84.75 85.5 85 85 85 85 85 84.75 84.75 85 84.75 NA NA NA NA NA NA NA NA NA NA NA NA NA NA NA NA NA NA NA NA NA NA NA NA NA NA NA NA NA 81 80 79.5 80 79.25 78.25 79.5 80 79.75 79.5 78.75 79 79 79 78.5 78.5 79 79 79 79 78 78 78 77.5 77.5 77 77.25 77 77 77 77 77 77 77 77 77 76.75 76.25 76 76 76 76 76 76 76 75.25 75 75 75 75 74.75 74.25 74 74 74 73.25 74 74 74 73.75 73.25 72.75 72 71.25 71.5 71.5 71.5 71 70.5 70.5 70 69.75 70.25 70 69 69 69 69 68.5 68.75 69 70 69.5 69 68 67.5 68 67.5 66.75 66.5 66.25 66 66 65.5 66 65.5 65.75 65.5 65 64.75 64.5 64.5 64 64 64 NA NA NA NA NA NA 
NA NA NA NA NA NA NA NA NA NA NA NA NA NA NA NA NA NA NA NA NA NA NA NA NA NA NA NA NA NA NA NA NA NA NA NA NA NA NA NA NA NA NA NA NA NA NA NA NA NA NA NA NA NA NA NA NA NA NA NA NA NA NA NA NA NA NA NA NA NA NA NA 92 91 91 91 91 90.25 90 90 90 90 90 89.25 88.25 88.25 88.25 88 88 87.5 88 87.5 87 86.5 85.5 85.75 86 85.25 85 84.25 84.5 84.75 84.5 84.25 84.5 84.25 84.5 85 85 84.5 84 NA NA NA NA NA NA NA NA NA NA NA NA NA NA NA NA NA NA NA NA NA NA NA NA NA NA NA NA NA 80 80 80 80 80 78.75 80 79.5 79 78.5 78.75 78.75 78.5 78.5 78.25 79 78 78 79 79 78.5 77.75 77.5 77 77 77 77 77 76.75 76.25 76 76.5 76.5 76.5 76.5 76 76 76 76 76 76 76 75.75 75.5 75 75 75 75 75 74.75 74 74 73.75 73.5 73.25 73 73.75 74 73.25 73 73 73 72.25 71 71 70.75 70.5 70.25 70 70 69.5 69.5 69 69 69 69 69 68.75 68 68 68.25 69 69 68 68 67.75 67 67.5 66.75 66 66 66 65.75 65 65 65 65 64.5 64.5 64.25 64 64 63.75 63.75 64 NA NA NA NA NA NA 
NA NA NA NA NA NA NA NA NA NA NA NA NA NA NA NA NA NA NA NA NA NA NA NA NA NA NA NA NA NA NA NA NA NA NA NA NA NA NA NA NA NA NA NA NA NA NA NA NA NA NA NA NA NA NA NA NA NA NA NA NA NA NA NA NA NA NA NA NA NA NA NA NA NA 91.75 92 91.25 91 90.75 90 90 90 90 90 89.25 88.75 88.75 88 88 87.5 87 87 87 87 86.5 86 86.25 85.5 85.25 84.75 85.5 85.75 85.5 85 85 85.5 84.75 85 85 84.5 NA NA NA NA NA NA NA NA NA NA NA NA NA NA NA NA NA NA NA NA NA NA NA NA NA NA NA NA NA NA NA 80 80 NA NA 79.75 79.75 79 79 78.25 78.25 78.5 79 79 79 79 79 78.25 78.5 79 78.5 78.5 78 77 77 77 77 76.25 76.25 76 76 76 76 76 76 76 76 75.75 75.25 76 75.5 75 75 75 75 75 75 74.5 74 74 74 74 73 73 73 73 73 72.75 72.25 72 72 72.5 71.75 71 70.75 70.75 69.75 69.5 69.5 69.25 68.75 68.25 68.5 68 68.25 68.5 68.25 68 68 68 68 69 69 68.75 68 68.25 66.5 66.5 66.5 66 65.5 65.75 65.5 64.75 64 64 63.5 63.25 63 62.5 62.75 63 63 NA NA NA NA NA NA NA NA 
NA NA NA NA NA NA NA NA NA NA NA NA NA NA NA NA NA NA NA NA NA NA NA NA NA NA NA NA NA NA NA NA NA NA NA NA NA NA NA NA NA NA NA NA NA NA NA NA NA NA NA NA NA NA NA NA NA NA NA NA NA NA NA NA NA NA NA NA NA NA NA NA NA NA 92 92 92 91.5 90.5 90 90.5 90 89.25 89.25 89 88.25 88 88 87.5 87.5 87 87 87 87 87 86 85.25 85 86 85.5 85 85.5 84.75 85 85 85 NA NA NA NA NA NA NA NA NA NA NA NA NA NA NA NA NA NA NA NA NA NA NA NA NA NA NA NA NA NA NA NA NA NA NA NA NA NA NA 79 80 79.75 79 78.25 78 78 78 78 78 78 78.25 78.5 78.5 78.75 79 78.75 78 77 77 76.75 76.25 76 77 76 76 76 76 76 76 75.5 75 75 75 75.25 75 75 75 75 74.75 74.25 74 74 74 74 73.75 73.25 73 72.75 72.5 72.25 72.25 72 71.75 72 71.5 71 70.5 71 70 70.5 70 69 69 68.5 69 69 69 68 69 68 67.75 67.75 68 67.5 67 68.25 68.5 67.75 67.75 67.75 67 65.5 65 65 65.25 65.75 65.25 64.5 64 64 63 63.25 63.25 62.25 62 62 NA NA NA NA NA NA NA NA NA 
NA NA NA NA NA NA NA NA NA NA NA NA NA NA NA NA NA NA NA NA NA NA NA NA NA NA NA NA NA NA NA NA NA NA NA NA NA NA NA NA NA NA NA NA NA NA NA NA NA NA NA NA NA NA NA NA NA NA NA NA NA NA NA NA NA NA NA NA NA NA NA NA NA NA NA NA 92 91.5 90.75 91 90 89.25 89 88.75 88.75 88.75 88.25 88 88 87.75 87.25 87 87 87 87 87 86.5 85 85.25 85 84.5 84.75 84.5 84.75 85 NA NA NA NA NA NA NA NA NA NA NA NA NA NA NA NA NA NA NA NA NA NA NA NA NA NA NA NA NA NA NA NA NA NA NA NA NA NA NA NA 79 79.75 79 78.5 78 78 78 77.75 77.5 77.5 78 78 78.5 78.75 77.75 77.5 77.5 77.75 77 76 76 76 76 76 75.75 75.5 76 76 75.5 75 75 75 75 75 75 74.75 74.5 74 74 74 74 74 73.5 73 73 73 73 73 72.25 72 72 72 71.75 71.25 71.25 71 70.5 70 69.75 69.75 69.5 69.25 69 69.25 69 68.75 69 69 68.75 68.75 68 67.5 67 67 67 67 67.25 67.75 67.75 66.75 67 67.75 66.25 64.75 64.5 65 65 65.25 64.75 64 64 63.5 62.75 63 NA NA NA NA NA NA NA NA NA NA NA NA 
NA NA NA NA NA NA NA NA NA NA NA NA NA NA NA NA NA NA NA NA NA NA NA NA NA NA NA NA NA NA NA NA NA NA NA NA NA NA NA NA NA NA NA NA NA NA NA NA NA NA NA NA NA NA NA NA NA NA NA NA NA NA NA NA NA NA NA NA NA NA NA NA NA NA NA NA NA NA 91.5 NA NA NA 89.25 89 88.5 88.5 88 88 88 88 87.75 87 87 87 87 87.25 86 85 84.25 84.75 84.75 84.66666 NA 84.5 NA NA NA NA NA NA NA NA NA NA NA NA NA NA NA NA NA NA NA NA NA NA NA NA NA NA NA NA NA NA NA NA NA NA NA NA NA NA NA NA NA 79 79.25 79 78 79 78 78 78 77.25 78 78 78 78 78.5 77.75 77 77 76.25 76.75 76.25 76 76 76 75.5 75.25 75 76 75.75 75 75 75 75 75 74.75 74.25 74 74 74 74 73.5 73.75 73.25 73 73 72.75 72.5 72.5 72.25 72 72 71.75 71.75 71 70.75 70.5 70.25 70 70 69.5 69 69.25 68.75 68.25 68 68 68.5 68 68.5 68 67.75 68.5 68.25 67.25 66.25 66.25 66 66.5 66.75 67.25 67 66 66.25 65.25 64.75 64.25 64 64 64.5 65 65 64.25 63.5 63 NA NA NA NA NA NA NA NA NA NA NA NA NA 
NA NA NA NA NA NA NA NA NA NA NA NA NA NA NA NA NA NA NA NA NA NA NA NA NA NA NA NA NA NA NA NA NA NA NA NA NA NA NA NA NA NA NA NA NA NA NA NA NA NA NA NA NA NA NA NA NA NA NA NA NA NA NA NA NA NA NA NA NA NA NA NA NA NA NA NA NA NA NA NA NA NA NA NA 89.33334 89 88.5 88 87.75 87.5 87.5 87.5 87 87 87 86.75 85.5 86.5 85.75 85.25 85.75 NA NA NA NA NA NA NA NA NA NA NA NA NA NA NA NA NA NA NA NA NA NA NA NA NA NA NA NA NA NA NA NA NA NA NA NA NA NA NA NA NA NA NA NA 78.33334 79 79 78.25 78.25 78.25 78 78 77.75 77.25 77.5 77.75 78 77.25 78 76.75 76.5 76 76 76.25 75.75 75.75 75.75 75 75 75 75 75 75 75 75 74.5 74 74 74 74 74 73.5 73 73 73 73 72.75 72.25 72.25 72 72 72 71.5 71 71 71 71 71 71 70 70 70 69.75 69.5 69 69 68.5 67.75 67.75 68 68 67.25 67 67 67.5 68 68 67 66 67 66.75 66.25 66.5 66.5 66.5 65.25 64.5 64.75 65.5 64 63.5 64 64 64 63.5 63 62.5 NA NA NA NA NA NA NA NA NA NA NA NA NA 
NA NA NA NA NA NA NA NA NA NA NA NA NA NA NA NA NA NA NA NA NA NA NA NA NA NA NA NA NA NA NA NA NA NA NA NA NA NA NA NA NA NA NA NA NA NA NA NA NA NA NA NA NA NA NA NA NA NA NA NA NA NA NA NA NA NA NA NA NA NA NA NA NA NA NA NA NA NA NA NA NA NA NA NA NA NA NA 88.66666 88.25 88 87.25 87 86.75 86.5 86.25 86 86 87 87 86.5 86 NA NA NA NA NA NA NA NA NA NA NA NA NA NA NA NA NA NA NA NA NA NA NA NA NA NA NA NA NA NA NA NA NA NA NA NA NA NA NA NA NA NA NA NA NA 79 78.75 78 78.5 78.75 78.5 78 77.75 77 77.25 77 77 77.25 77 76 76 76 76 76 75.25 75 75 75 75 75 75 75 74.75 74.75 74 74 74 74 73.75 73.5 73 73 73 73 72.75 72.25 72 72 72 71.5 71 71 71 71 71 70.75 70.5 70.5 70.25 70 70 69.25 69.25 70 69 69.25 68.75 68 67 67.75 67.5 67.25 66.5 67 66.5 67 67 67.25 66.5 67 67.25 66.5 66 66 65.5 65.5 64.75 63.75 64 64.75 64 63.75 64 63.75 63.25 62.75 62 NA NA NA NA NA NA NA NA NA NA NA NA NA 
NA NA NA NA NA NA NA NA NA NA NA NA NA NA NA NA NA NA NA NA NA NA NA NA NA NA NA NA NA NA NA NA NA NA NA NA NA NA NA NA NA NA NA NA NA NA NA NA NA NA NA NA NA NA NA NA NA NA NA NA NA NA NA NA NA NA NA NA NA NA NA NA NA NA NA NA NA NA NA NA NA NA NA NA NA NA NA NA NA 88 87.5 87 86.5 87.5 87 87.25 86 86 86.75 86.25 86.33334 NA NA NA NA NA NA NA NA NA NA NA NA NA NA NA NA NA NA NA NA NA NA NA NA NA NA NA NA NA NA NA NA NA NA NA NA NA NA NA NA NA NA NA NA NA NA 78.25 78 78 78.25 78 78 77.25 76.5 76.5 76.5 76.5 76.5 75.5 75.5 75.5 75.5 75.5 74.75 74.75 74.75 74.75 74.5 74.5 74.5 74.5 74.5 73.75 73.5 73.5 73.5 73.5 73 73 73 73 72.5 72.5 72.25 72 71.75 71.5 71.5 71.5 71 70.75 70.5 70.25 70.5 69.75 70.25 70.5 70 69.75 69.25 69.5 69.5 70 70.25 69.75 70 69.25 68.25 68.25 66.5 67.25 67.5 67 67 66.25 66 65.75 66.25 66.5 67 67.25 66.5 66 65.75 65.75 65 65 64.25 63 64 64 64 64 63 63 62.66667 NA NA NA NA NA NA NA NA NA NA NA NA NA NA 
NA NA NA NA NA NA NA NA NA NA NA NA NA NA NA NA NA NA NA NA NA NA NA NA NA NA NA NA NA NA NA NA NA NA NA NA NA NA NA NA NA NA NA NA NA NA NA NA NA NA NA NA NA NA NA NA NA NA NA NA NA NA NA NA NA NA NA NA NA NA NA NA NA NA NA NA NA NA NA NA NA NA NA NA NA NA NA NA NA NA NA NA 87 88 87.5 87 86.25 86.5 87 86.75 86.5 87 NA NA NA NA NA NA NA NA NA NA NA NA NA NA NA NA NA NA NA NA NA NA NA NA NA NA NA NA NA NA NA NA NA NA NA NA NA NA NA NA NA NA NA NA NA NA 78.5 NA 78 78 77.25 76.25 76 76 76 76 75.75 75 75 75 75 74.25 74 74 74 73.75 73.5 73 73 73.25 73 73 73 73 72.75 73 72.75 73 72.5 72 72 71.75 71.5 71.25 71 71 71 71 70.75 70.25 70 69.75 69.5 69 69.75 70 70 70 68.75 68.75 69 69.5 70 69.25 70 69.75 69.25 68 67 66.5 66.5 66.5 67.25 67 66.5 66.25 65.5 65.25 66 67 66.5 66.5 65.5 66 65 65 64.75 63.75 62.75 63.75 64 63.75 63 62.5 NA NA NA NA NA NA NA NA NA NA NA NA NA NA NA 
NA NA NA NA NA NA NA NA NA NA NA NA NA NA NA NA NA NA NA NA NA NA NA NA NA NA NA NA NA NA NA NA NA NA NA NA NA NA NA NA NA NA NA NA NA NA NA NA NA NA NA NA NA NA NA NA NA NA NA NA NA NA NA NA NA NA NA NA NA NA NA NA NA NA NA NA NA NA NA NA NA NA NA NA NA NA NA NA NA NA NA NA 87.5 88 88 87.75 87.5 87.25 87 87 87 87.25 87 NA NA NA NA NA NA NA NA NA NA NA NA NA NA NA NA NA NA NA NA NA NA NA NA NA NA NA NA NA NA NA NA NA NA NA NA NA NA NA NA NA NA NA NA NA NA NA NA NA 77 76.75 76.5 76 76 76 75 75 75 74.5 74.5 74 73.75 73.25 73.25 73 73 72.75 72.75 73.5 73 73.25 73 72.5 72 72.75 72 72 72 71.75 71.25 71 71 71 70.5 70.5 70.5 70 70 69.75 69.25 69.25 68.75 68 68.75 68.75 69.25 68.5 69 68 68.25 68.75 69.5 70 69.5 68 67.25 67 67.25 67 66.75 66.75 66 66.75 67.25 66.5 66.5 66 65.5 66.75 66.75 66.33334 66 66 NA NA NA 63.5 63 62.75 63.66667 64 NA 63 NA NA NA NA NA NA NA NA NA NA NA NA NA NA NA 
NA NA NA NA NA NA NA NA NA NA NA NA NA NA NA NA NA NA NA NA NA NA NA NA NA NA NA NA NA NA NA NA NA NA NA NA NA NA NA NA NA NA NA NA NA NA NA NA NA NA NA NA NA NA NA NA NA NA NA NA NA NA NA NA NA NA NA NA NA NA NA NA NA NA NA NA NA NA NA NA NA NA NA NA NA NA NA NA NA NA NA 88 88 88.5 88.5 88.25 88 88 87.75 87.25 87 NA NA NA NA NA NA NA NA NA NA NA NA NA NA NA NA NA NA NA NA NA NA NA NA NA NA NA NA NA NA NA NA NA NA NA NA NA NA NA NA NA NA NA NA NA NA NA NA NA NA NA NA NA NA NA NA 75.75 74.75 74 74.25 74 73.75 73.25 73.5 73 72.75 73 73 72.75 72.25 73.5 73 73 73 72 71.75 72 72 72 71.5 71 71 70.75 70.25 69.75 70 70 69.25 70 69.5 69.25 69 69 68.5 68 68.25 68 67.5 67.5 67.75 68 68 69 68.75 68.75 69 67.5 67 68 67.5 66.75 67.25 67 66.25 65.25 65.75 65.75 65.25 65.5 65 66 NA NA NA NA NA NA NA NA NA NA NA NA NA NA NA NA NA NA NA NA NA NA NA NA NA NA NA NA NA 
NA NA NA NA NA NA NA NA NA NA NA NA NA NA NA NA NA NA NA NA NA NA NA NA NA NA NA NA NA NA NA NA NA NA NA NA NA NA NA NA NA NA NA NA NA NA NA NA NA NA NA NA NA NA NA NA NA NA NA NA NA NA NA NA NA NA NA NA NA NA NA NA NA NA NA NA NA NA NA NA NA NA NA NA NA NA NA NA NA NA NA NA 89.5 89.5 89.5 89 88.75 88 88.66666 NA NA NA NA NA NA NA NA NA NA NA NA NA NA NA NA NA NA NA NA NA NA NA NA NA NA NA NA NA NA NA NA NA NA NA NA NA NA NA NA NA NA NA NA NA NA NA NA NA NA NA NA NA NA NA NA NA NA 75.5 75 74.75 74.75 74 73.5 73 73 72.5 72.25 72.25 72.25 72.25 72 73 73 73 72.5 71.5 71 72 71.75 71.25 71 70.25 70 70 70 69.75 70 70.5 69.5 69.5 69.75 69.5 68.5 69 68 67.75 68 68 66.75 66.75 67.25 67.75 68.5 68 68 68 68.5 67.5 67 67.5 68 67.5 67 66.25 66.25 66 66.5 65.75 65.25 65.5 65 NA NA NA NA NA NA NA NA NA NA NA NA NA NA NA NA NA NA NA NA NA NA NA NA NA NA NA NA NA NA 
NA NA NA NA NA NA NA NA NA NA NA NA NA NA NA NA NA NA NA NA NA NA NA NA NA NA NA NA NA NA NA NA NA NA NA NA NA NA NA NA NA NA NA NA NA NA NA NA NA NA NA NA NA NA NA NA NA NA NA NA NA NA NA NA NA NA NA NA NA NA NA NA NA NA NA NA NA NA NA NA NA NA NA NA NA NA NA NA NA NA NA NA NA NA NA NA NA NA NA NA NA NA NA NA NA NA NA NA NA NA NA NA NA NA NA NA NA NA NA NA NA NA NA NA NA NA NA NA NA NA NA NA NA NA NA NA NA NA NA NA NA NA NA NA NA NA NA NA NA NA NA NA NA NA NA NA 75.33334 75.25 74.25 74 74.25 74 73.75 73.25 73 72 72 72 72 72 72.5 73 72.5 72.25 72 71.5 71 71.25 71 71 70.5 70.5 70 70 70 70.25 69.25 70 69 70 69.25 68.25 68.5 68.75 68 67.5 68 67.5 66.5 66.25 66.5 67 67.25 68 67.5 67.5 68.25 68 67 67.5 67.75 68 67.75 67 66.5 66 66 66.25 66 65.5 NA NA NA NA NA NA NA NA NA NA NA NA NA NA NA NA NA NA NA NA NA NA NA NA NA NA NA NA NA NA NA 
NA NA NA NA NA NA NA NA NA NA NA NA NA NA NA NA NA NA NA NA NA NA NA NA NA NA NA NA NA NA NA NA NA NA NA NA NA NA NA NA NA NA NA NA NA NA NA NA NA NA NA NA NA NA NA NA NA NA NA NA NA NA NA NA NA NA NA NA NA NA NA NA NA NA NA NA NA NA NA NA NA NA NA NA NA NA NA NA NA NA NA NA NA NA NA NA NA NA NA NA NA NA NA NA NA NA NA NA NA NA NA NA NA NA NA NA NA NA NA NA NA NA NA NA NA NA NA NA NA NA NA NA NA NA NA NA NA NA NA NA NA NA NA NA NA NA NA NA NA NA NA NA NA NA NA NA 75 74.25 74 74 73.75 73.25 73.25 73.25 73 72 72 72 72 72 72 72 72 72 71.5 71.75 71 70.75 71 70.25 70 70.25 69.75 69.75 70 70 69.5 70 69 69.75 69 68.5 68.25 68.75 67.75 66.75 67.5 66.25 65.75 66.25 66.75 66.5 66.75 67.75 67.75 67 68 68 67 67.5 67.5 67.5 67.75 67.5 66.25 65 65.75 65.5 NA NA NA NA NA NA NA NA NA NA NA NA NA NA NA NA NA NA NA NA NA NA NA NA NA NA NA NA NA NA NA NA NA 
NA NA NA NA NA NA NA NA NA NA NA NA NA NA NA NA NA NA NA NA NA NA NA NA NA NA NA NA NA NA NA NA NA NA NA NA NA NA NA NA NA NA NA NA NA NA NA NA NA NA NA NA NA NA NA NA NA NA NA NA NA NA NA NA NA NA NA NA NA NA NA NA NA NA NA NA NA NA NA NA NA NA NA NA NA NA NA NA NA NA NA NA NA NA NA NA NA NA NA NA NA NA NA NA NA NA NA NA NA NA NA NA NA NA NA NA NA NA NA NA NA NA NA NA NA NA NA NA NA NA NA NA NA NA NA NA NA NA NA NA NA NA NA NA NA NA NA NA NA NA NA NA NA NA NA 75.5 74.5 73.75 73.25 73.5 73.5 73 73 72.75 72.25 71.75 72 72 72 72 72 72 71.5 71.75 71 71 70.5 70.5 70 69.5 69.5 70 70.25 70.25 70.25 69.5 69.5 70.5 69.25 69 68.75 68.25 68 68.5 67.25 66 65.25 65.5 66.25 66.75 67 67 67 67.5 68 67.75 67.75 68 67 67.25 67 67 67 67.25 65.75 65 64.5 64.33334 NA NA NA NA NA NA NA NA NA NA NA NA NA NA NA NA NA NA NA NA NA NA NA NA NA NA NA NA NA NA NA NA NA 
NA NA NA NA NA NA NA NA NA NA NA NA NA NA NA NA NA NA NA NA NA NA NA NA NA NA NA NA NA NA NA NA NA NA NA NA NA NA NA NA NA NA NA NA NA NA NA NA NA NA NA NA NA NA NA NA NA NA NA NA NA NA NA NA NA NA NA NA NA NA NA NA NA NA NA NA NA NA NA NA NA NA NA NA NA NA NA NA NA NA NA NA NA NA NA NA NA NA NA NA NA NA NA NA NA NA NA NA NA NA NA NA NA NA NA NA NA NA NA NA NA NA NA NA NA NA NA NA NA NA NA NA NA NA NA NA NA NA NA NA NA NA NA NA NA NA NA NA NA NA NA NA NA NA NA 75 74 73.25 73 73.5 73 73 72.5 72 72 71.75 71.25 71.25 71 71.25 71.5 72 71.75 71 70.75 70.25 70 70.25 70 69.5 69 69.25 69.75 70 70.5 69.5 69.5 70 69.75 68.75 68 67 67.5 67.25 66.25 65.5 65 66.5 66.75 66.25 66.75 67 67 67 67.25 67.5 67.75 67.75 67 67.75 67 67 67 66.5 65.25 64.5 64 64 64.5 NA NA NA NA NA NA NA NA NA NA NA NA NA NA NA NA NA NA NA NA NA NA NA NA NA NA NA NA NA NA NA NA 
NA NA NA NA NA NA NA NA NA NA NA NA NA NA NA NA NA NA NA NA NA NA NA NA NA NA NA NA NA NA NA NA NA NA NA NA NA NA NA NA NA NA NA NA NA NA NA NA NA NA NA NA NA NA NA NA NA NA NA NA NA NA NA NA NA NA NA NA NA NA NA NA NA NA NA NA NA NA NA NA NA NA NA NA NA NA NA NA NA NA NA NA NA NA NA NA NA NA NA NA NA NA NA NA NA NA NA NA NA NA NA NA NA NA NA NA NA NA NA NA NA NA NA NA NA NA NA NA NA NA NA NA NA NA NA NA NA NA NA NA NA NA NA NA NA NA NA NA NA NA NA NA NA NA NA 74.33334 74 73 73 72.5 72.25 72 72 72 72 71.5 71.25 70.5 70.25 71 70.75 71.75 71.25 70.75 71 70.75 70 70 70 69 69 69.25 69.75 69.75 69.5 70 69.75 69.75 70 68.5 67.25 67 66.25 66.25 65.75 65.75 65 65.5 65.5 66.25 66.5 66.75 67 66.75 67 67 67.5 67.5 67 67.25 66.5 66.5 66 65.5 64.75 64 64 64 64 NA NA NA NA NA NA NA NA NA NA NA NA NA NA NA NA NA NA NA NA NA NA NA NA NA NA NA NA NA NA NA NA 
NA NA NA NA NA NA NA NA NA NA NA NA NA NA NA NA NA NA NA NA NA NA NA NA NA NA NA NA NA NA NA NA NA NA NA NA NA NA NA NA NA NA NA NA NA NA NA NA NA NA NA NA NA NA NA NA NA NA NA NA NA NA NA NA NA NA NA NA NA NA NA NA NA NA NA NA NA NA NA NA NA NA NA NA NA NA NA NA NA NA NA NA NA NA NA NA NA NA NA NA NA NA NA NA NA NA NA NA NA NA NA NA NA NA NA NA NA NA NA NA NA NA NA NA NA NA NA NA NA NA NA NA NA NA NA NA NA NA NA NA NA NA NA NA NA NA NA NA NA NA NA NA NA NA NA 74.25 73.5 73 73 73 72.5 72 71.5 71 72 71.75 71 70.25 70.5 70 70 71 71 71 70.75 70.25 70.25 70 69.25 69 69 69 69 68.75 69 69 69.75 69 68.75 68.5 67.5 66.75 66 65.25 65.25 65 66 66 66 66 66 66 66 66.25 66.5 66.5 67 67.25 67 66.5 66 66 66 65.25 64 64 64.25 63.75 63.5 63.75 64 NA NA NA NA NA NA NA NA NA NA NA NA NA NA NA NA NA NA NA NA NA NA NA NA NA NA NA NA NA NA 
NA NA NA NA NA NA NA NA NA NA NA NA NA NA NA NA NA NA NA NA NA NA NA NA NA NA NA NA NA NA NA NA NA NA NA NA NA NA NA NA NA NA NA NA NA NA NA NA NA NA NA NA NA NA NA NA NA NA NA NA NA NA NA NA NA NA NA NA NA NA NA NA NA NA NA NA NA NA NA NA NA NA NA NA NA NA NA NA NA NA NA NA NA NA NA NA NA NA NA NA NA NA NA NA NA NA NA NA NA NA NA NA NA NA NA NA NA NA NA NA NA NA NA NA NA NA NA NA NA NA NA NA NA NA NA NA NA NA NA NA NA NA NA NA NA NA NA NA NA NA NA NA NA NA NA NA NA NA NA NA NA 72.5 72 72 72 71.75 71.25 71 70.75 70 69.5 70 71 70.75 70 70 70.25 69.75 69.5 69 68.75 68.25 68.75 69 68.5 68.5 68.5 68 67.75 67.75 67.25 66.75 66.25 65.5 65 65.5 65.75 65.25 65 65.5 65.25 65.5 65.75 65.5 65.25 65 65.75 66.75 67 66.25 65.5 65 65.25 65 64.25 64 64 63.5 63.25 63 63.5 NA NA NA NA NA NA NA NA NA NA NA NA NA NA NA NA NA NA NA NA NA NA NA NA NA NA NA NA NA NA 
NA NA NA NA NA NA NA NA NA NA NA NA NA NA NA NA NA NA NA NA NA NA NA NA NA NA NA NA NA NA NA NA NA NA NA NA NA NA NA NA NA NA NA NA NA NA NA NA NA NA NA NA NA NA NA NA NA NA NA NA NA NA NA NA NA NA NA NA NA NA NA NA NA NA NA NA NA NA NA NA NA NA NA NA NA NA NA NA NA NA NA NA NA NA NA NA NA NA NA NA NA NA NA NA NA NA NA NA NA NA NA NA NA NA NA NA NA NA NA NA NA NA NA NA NA NA NA NA NA NA NA NA NA NA NA NA NA NA NA NA NA NA NA NA NA NA NA NA NA NA NA NA NA NA NA NA NA NA NA NA NA NA NA NA NA NA 71.5 71 70.25 70 69.75 70 70.25 70 70 70 70 69.75 69 69 68.5 68 68 68 68 68 68 67.5 67 66.5 66.5 66 66 65.25 65 65 65 65 65 64.75 64.75 65 64.75 65.25 65.5 65.5 65.5 66.25 65.5 66 65.25 65 65 65 64.5 64 63.25 63.75 63 63 NA NA NA NA NA NA NA NA NA NA NA NA NA NA NA NA NA NA NA NA NA NA NA NA NA NA NA NA NA NA NA 
NA NA NA NA NA NA NA NA NA NA NA NA NA NA NA NA NA NA NA NA NA NA NA NA NA NA NA NA NA NA NA NA NA NA NA NA NA NA NA NA NA NA NA NA NA NA NA NA NA NA NA NA NA NA NA NA NA NA NA NA NA NA NA NA NA NA NA NA NA NA NA NA NA NA NA NA NA NA NA NA NA NA NA NA NA NA NA NA NA NA NA NA NA NA NA NA NA NA NA NA NA NA NA NA NA NA NA NA NA NA NA NA NA NA NA NA NA NA NA NA NA NA NA NA NA NA NA NA NA NA NA NA NA NA NA NA NA NA NA NA NA NA NA NA NA NA NA NA NA NA NA NA NA NA NA NA NA NA NA NA NA NA NA NA NA NA 71.5 71 70 70 69.25 70 70.25 70 70 70 69.75 70 69.25 68.75 68 68 67.75 67.5 67 67.5 67.75 67.25 66.5 66 66 66 65.25 65 64.5 64.75 65 65 64.25 64 64 64 64 63.75 64 64.25 64.25 65 64.5 65 65 65 65 65 64.75 64.5 64 64 64 63.5 NA NA NA NA NA NA NA NA NA NA NA NA NA NA NA NA NA NA NA NA NA NA NA NA NA NA NA NA NA NA NA 
NA NA NA NA NA NA NA NA NA NA NA NA NA NA NA NA NA NA NA NA NA NA NA NA NA NA NA NA NA NA NA NA NA NA NA NA NA NA NA NA NA NA NA NA NA NA NA NA NA NA NA NA NA NA NA NA NA NA NA NA NA NA NA NA NA NA NA NA NA NA NA NA NA NA NA NA NA NA NA NA NA NA NA NA NA NA NA NA NA NA NA NA NA NA NA NA NA NA NA NA NA NA NA NA NA NA NA NA NA NA NA NA NA NA NA NA NA NA NA NA NA NA NA NA NA NA NA NA NA NA NA NA NA NA NA NA NA NA NA NA NA NA NA NA NA NA NA NA NA NA NA NA NA NA NA NA NA NA NA NA NA NA NA NA NA NA NA NA NA 70 69.25 70.33334 NA NA NA NA NA 69 68.25 68 68 67.25 67 67 67 67 67 66.25 66.5 66 65 65.25 65 64.75 64 64 65 64.75 64 64 64 63 63 63.25 63.5 63.75 63.25 64 64.25 65 65 64.75 64.5 65 65 64.75 64 64 64 NA NA NA NA NA NA NA NA NA NA NA NA NA NA NA NA NA NA NA NA NA NA NA NA NA NA NA NA NA NA NA NA 
NA NA NA NA NA NA NA NA NA NA NA NA NA NA NA NA NA NA NA NA NA NA NA NA NA NA NA NA NA NA NA NA NA NA NA NA NA NA NA NA NA NA NA NA NA NA NA NA NA NA NA NA NA NA NA NA NA NA NA NA NA NA NA NA NA NA NA NA NA NA NA NA NA NA NA NA NA NA NA NA NA NA NA NA NA NA NA NA NA NA NA NA NA NA NA NA NA NA NA NA NA NA NA NA NA NA NA NA NA NA NA NA NA NA NA NA NA NA NA NA NA NA NA NA NA NA NA NA NA NA NA NA NA NA NA NA NA NA NA NA NA NA NA NA NA NA NA NA NA NA NA NA NA NA NA NA NA NA NA NA NA NA NA NA NA NA NA NA NA NA 70 NA NA NA NA NA NA NA 68.25 68 67 67.25 67 66.75 67 66 66.75 65.75 65.5 65.5 65.25 65 64.5 64.25 64 64 64.5 64.25 64 63.5 63 63.25 63.5 63.75 64 64.5 64.5 64 63.5 64.5 64.25 64 64.25 64.75 64.5 64 64 64.25 64 NA NA NA NA NA NA NA NA NA NA NA NA NA NA NA NA NA NA NA NA NA NA NA NA NA NA NA NA NA NA NA NA 
NA NA NA NA NA NA NA NA NA NA NA NA NA NA NA NA NA NA NA NA NA NA NA NA NA NA NA NA NA NA NA NA NA NA NA NA NA NA NA NA NA NA NA NA NA NA NA NA NA NA NA NA NA NA NA NA NA NA NA NA NA NA NA NA NA NA NA NA NA NA NA NA NA NA NA NA NA NA NA NA NA NA NA NA NA NA NA NA NA NA NA NA NA NA NA NA NA NA NA NA NA NA NA NA NA NA NA NA NA NA NA NA NA NA NA NA NA NA NA NA NA NA NA NA NA NA NA NA NA NA NA NA NA NA NA NA NA NA NA NA NA NA NA NA NA NA NA NA NA NA NA NA NA NA NA NA NA NA NA NA NA NA NA NA NA NA NA NA NA NA NA NA NA NA NA NA NA NA 69 68.75 68 67.75 66.75 66.25 66.5 66.75 66.25 65 65 64.75 64.5 64.75 64.25 63.75 64 63.75 63.75 63.75 64 63.75 64 63.25 63.75 64.5 64.5 64 65 64.5 63.5 64 64.5 64 64.25 63.5 63.75 63.5 63.75 63 64 NA NA NA NA NA NA NA NA NA NA NA NA NA NA NA NA NA NA NA NA NA NA NA NA NA NA NA NA NA NA NA NA 
NA NA NA NA NA NA NA NA NA NA NA NA NA NA NA NA NA NA NA NA NA NA NA NA NA NA NA NA NA NA NA NA NA NA NA NA NA NA NA NA NA NA NA NA NA NA NA NA NA NA NA NA NA NA NA NA NA NA NA NA NA NA NA NA NA NA NA NA NA NA NA NA NA NA NA NA NA NA NA NA NA NA NA NA NA NA NA NA NA NA NA NA NA NA NA NA NA NA NA NA NA NA NA NA NA NA NA NA NA NA NA NA NA NA NA NA NA NA NA NA NA NA NA NA NA NA NA NA NA NA NA NA NA NA NA NA NA NA NA NA NA NA NA NA NA NA NA NA NA NA NA NA NA NA NA NA NA NA NA NA NA NA NA NA NA NA NA NA NA NA NA NA NA NA NA NA 68 69 68.25 68.25 68 67.5 66.5 66 66 67 66.5 65.75 65 64.75 64 64 63.75 63 63.25 63 63.25 63 63.25 64 64.75 64.75 63 64.25 65 64.75 65 64.75 63.5 63 64.25 64.5 64 63.25 63 63 63 63 63 NA NA NA NA NA NA NA NA NA NA NA NA NA NA NA NA NA NA NA NA NA NA NA NA NA NA NA NA NA NA NA NA 
NA NA NA NA NA NA NA NA NA NA NA NA NA NA NA NA NA NA NA NA NA NA NA NA NA NA NA NA NA NA NA NA NA NA NA NA NA NA NA NA NA NA NA NA NA NA NA NA NA NA NA NA NA NA NA NA NA NA NA NA NA NA NA NA NA NA NA NA NA NA NA NA NA NA NA NA NA NA NA NA NA NA NA NA NA NA NA NA NA NA NA NA NA NA NA NA NA NA NA NA NA NA NA NA NA NA NA NA NA NA NA NA NA NA NA NA NA NA NA NA NA NA NA NA NA NA NA NA NA NA NA NA NA NA NA NA NA NA NA NA NA NA NA NA NA NA NA NA NA NA NA NA NA NA NA NA NA NA NA NA NA NA NA NA NA NA NA NA NA NA NA NA NA NA NA NA 68 68 67.5 67.25 67.5 67.25 66.5 66 66 65.75 65 64.5 64.25 64.25 63.75 63 62.75 63 63 62.75 63 63.5 64.25 63.25 63.75 64.25 64 63.5 63.5 63.75 64.25 64.75 63.75 63.75 64 63.75 63.5 63.25 63 63 63 63 NA NA NA NA NA NA NA NA NA NA NA NA NA NA NA NA NA NA NA NA NA NA NA NA NA NA NA NA NA NA NA NA NA 
NA NA NA NA NA NA NA NA NA NA NA NA NA NA NA NA NA NA NA NA NA NA NA NA NA NA NA NA NA NA NA NA NA NA NA NA NA NA NA NA NA NA NA NA NA NA NA NA NA NA NA NA NA NA NA NA NA NA NA NA NA NA NA NA NA NA NA NA NA NA NA NA NA NA NA NA NA NA NA NA NA NA NA NA NA NA NA NA NA NA NA NA NA NA NA NA NA NA NA NA NA NA NA NA NA NA NA NA NA NA NA NA NA NA NA NA NA NA NA NA NA NA NA NA NA NA NA NA NA NA NA NA NA NA NA NA NA NA NA NA NA NA NA NA NA NA NA NA NA NA NA NA NA NA NA NA NA NA NA NA NA NA NA NA NA NA NA NA NA NA NA NA NA NA NA 67.75 67.25 67.25 67 67 67 67 66.75 65.75 66 65.75 64.25 63.25 63 63.5 63.25 62.25 62.75 62.75 62.5 63 63 63.5 64 63.75 63.25 63.75 64.25 64.5 63.75 63 64 64.5 64.5 64.5 64 63.25 63 63.25 62.75 62.25 62 62.25 NA NA NA NA NA NA NA NA NA NA NA NA NA NA NA NA NA NA NA NA NA NA NA NA NA NA NA NA NA NA NA NA NA 
NA NA NA NA NA NA NA NA NA NA NA NA NA NA NA NA NA NA NA NA NA NA NA NA NA NA NA NA NA NA NA NA NA NA NA NA NA NA NA NA NA NA NA NA NA NA NA NA NA NA NA NA NA NA NA NA NA NA NA NA NA NA NA NA NA NA NA NA NA NA NA NA NA NA NA NA NA NA NA NA NA NA NA NA NA NA NA NA NA NA NA NA NA NA NA NA NA NA NA NA NA NA NA NA NA NA NA NA NA NA NA NA NA NA NA NA NA NA NA NA NA NA NA NA NA NA NA NA NA NA NA NA NA NA NA NA NA NA NA NA NA NA NA NA NA NA NA NA NA NA NA NA NA NA NA NA NA NA NA NA NA NA NA NA NA NA NA NA NA NA NA NA NA NA NA NA 66.25 66.75 67 67 66.75 66.5 65.75 65.25 65 65 64 63 63 62.75 62.25 62 62 62 62 62 62.75 63.5 64 64 63.75 63.25 63 63.25 64 64 64.5 63.75 63 63 62.25 61.75 62.5 62.75 62.25 61.25 61.75 62 NA NA NA NA NA NA NA NA NA NA NA NA NA NA NA NA NA NA NA NA NA NA NA NA NA NA NA NA NA NA NA NA NA 
NA NA NA NA NA NA NA NA NA NA NA NA NA NA NA NA NA NA NA NA NA NA NA NA NA NA NA NA NA NA NA NA NA NA NA NA NA NA NA NA NA NA NA NA NA NA NA NA NA NA NA NA NA NA NA NA NA NA NA NA NA NA NA NA NA NA NA NA NA NA NA NA NA NA NA NA NA NA NA NA NA NA NA NA NA NA NA NA NA NA NA NA NA NA NA NA NA NA NA NA NA NA NA NA NA NA NA NA NA NA NA NA NA NA NA NA NA NA NA NA NA NA NA NA NA NA NA NA NA NA NA NA NA NA NA NA NA NA NA NA NA NA NA NA NA NA NA NA NA NA NA NA NA NA NA NA NA NA NA NA NA NA NA NA NA NA NA NA NA NA NA NA NA NA NA NA 66 66 66.5 66.5 65.5 64.5 64.5 64 63.25 63 63 63 62.5 62 62 62 62 62 62.5 62 61.75 62.25 62.5 62.75 63.5 64 63 63.25 63.5 64 64 63.25 63 63 63 61.75 60.75 61.75 60.75 61.25 61.75 62 61 NA NA NA NA NA NA NA NA NA NA NA NA NA NA NA NA NA NA NA NA NA NA NA NA NA NA NA NA NA NA NA NA 
NA NA NA NA NA NA NA NA NA NA NA NA NA NA NA NA NA NA NA NA NA NA NA NA NA NA NA NA NA NA NA NA NA NA NA NA NA NA NA NA NA NA NA NA NA NA NA NA NA NA NA NA NA NA NA NA NA NA NA NA NA NA NA NA NA NA NA NA NA NA NA NA NA NA NA NA NA NA NA NA NA NA NA NA NA NA NA NA NA NA NA NA NA NA NA NA NA NA NA NA NA NA NA NA NA NA NA NA NA NA NA NA NA NA NA NA NA NA NA NA NA NA NA NA NA NA NA NA NA NA NA NA NA NA NA NA NA NA NA NA NA NA NA NA NA NA NA NA NA NA NA NA NA NA NA NA NA NA NA NA NA NA NA NA NA NA NA NA NA NA NA NA NA 66 66 66 66 65.5 65.5 65.25 64.25 64 63.75 63 63 63 63 62.25 62 62 62 61.5 62 62 62 62.75 62 62.25 62.5 62.75 63 63.5 63.5 63 63.25 63.5 63 63 63 63.75 63 61.25 60.75 60.5 59.75 60.25 60.5 60.75 60.25 59.66667 NA NA NA NA NA NA NA NA NA NA NA NA NA NA NA NA NA NA NA NA NA NA NA NA NA NA NA NA NA NA NA 
NA NA NA NA NA NA NA NA NA NA NA NA NA NA NA NA NA NA NA NA NA NA NA NA NA NA NA NA NA NA NA NA NA NA NA NA NA NA NA NA NA NA NA NA NA NA NA NA NA NA NA NA NA NA NA NA NA NA NA NA NA NA NA NA NA NA NA NA NA NA NA NA NA NA NA NA NA NA NA NA NA NA NA NA NA NA NA NA NA NA NA NA NA NA NA NA NA NA NA NA NA NA NA NA NA NA NA NA NA NA NA NA NA NA NA NA NA NA NA NA NA NA NA NA NA NA NA NA NA NA NA NA NA NA NA NA NA NA NA NA NA NA NA NA NA NA NA NA NA NA NA NA NA NA NA NA NA NA NA NA NA NA NA NA NA NA NA NA NA NA NA NA NA 66 66 65.75 66 64.75 64.75 64.25 63.5 63.5 63.5 63 63 63 63 62 62 62 62 62 61.75 61.5 61.75 62 62 62.25 63 62.5 62 62.75 63 63.25 63.75 63.5 62.75 62 62.5 62.25 61.75 61.5 61 61.75 61 59.5 59 59.25 59.5 59.25 59 NA NA NA NA NA NA NA NA NA NA NA NA NA NA NA NA NA NA NA NA NA NA NA NA NA NA NA NA NA NA 
NA NA NA NA NA NA NA NA NA NA NA NA NA NA NA NA NA NA NA NA NA NA NA NA NA NA NA NA NA NA NA NA NA NA NA NA NA NA NA NA NA NA NA NA NA NA NA NA NA NA NA NA NA NA NA NA NA NA NA NA NA NA NA NA NA NA NA NA NA NA NA NA NA NA NA NA NA NA NA NA NA NA NA NA NA NA NA NA NA NA NA NA NA NA NA NA NA NA NA NA NA NA NA NA NA NA NA NA NA NA NA NA NA NA NA NA NA NA NA NA NA NA NA NA NA NA NA NA NA NA NA NA NA NA NA NA NA NA NA NA NA NA NA NA NA NA NA NA NA NA NA NA NA NA NA NA NA NA NA NA NA NA NA NA NA NA NA NA NA NA NA NA NA 66 65.25 65 64.75 64.5 64 63.25 63 63 63 63 63 62.75 62.25 62 62 61.5 61.5 61.75 62 61 60.75 60.5 61.5 62 61.75 62 62.75 62.75 62.5 63 63 62.5 62 61.5 62 61.5 60.75 61 60 61.25 60.25 60.5 59.75 58.75 58.75 58.5 58.75 59.5 59.66667 NA NA NA NA NA NA NA NA NA NA NA NA NA NA NA NA NA NA NA NA NA NA NA NA NA NA NA NA 
NA NA NA NA NA NA NA NA NA NA NA NA NA NA NA NA NA NA NA NA NA NA NA NA NA NA NA NA NA NA NA NA NA NA NA NA NA NA NA NA NA NA NA NA NA NA NA NA NA NA NA NA NA NA NA NA NA NA NA NA NA NA NA NA NA NA NA NA NA NA NA NA NA NA NA NA NA NA NA NA NA NA NA NA NA NA NA NA NA NA NA NA NA NA NA NA NA NA NA NA NA NA NA NA NA NA NA NA NA NA NA NA NA NA NA NA NA NA NA NA NA NA NA NA NA NA NA NA NA NA NA NA NA NA NA NA NA NA NA NA NA NA NA NA NA NA NA NA NA NA NA NA NA NA NA NA NA NA NA NA NA NA NA NA NA NA NA NA NA NA NA NA 65.33334 65 64.5 64.5 63.5 63 63 63 63 63 62.5 62.5 62.5 62 62 62 61.25 61.5 61.5 61.75 61.5 61.5 61 61 60.75 60.75 60.5 60.75 61.5 61.25 61.5 62 63 62.25 61.5 61.25 61 60.75 60 59.75 60 60.5 59.5 58.5 58.5 58.25 58.25 57.5 57.5 58.5 58.5 59 NA NA NA NA NA NA NA NA NA NA NA NA NA NA NA NA NA NA NA NA NA NA NA NA NA NA NA 
NA NA NA NA NA NA NA NA NA NA NA NA NA NA NA NA NA NA NA NA NA NA NA NA NA NA NA NA NA NA NA NA NA NA NA NA NA NA NA NA NA NA NA NA NA NA NA NA NA NA NA NA NA NA NA NA NA NA NA NA NA NA NA NA NA NA NA NA NA NA NA NA NA NA NA NA NA NA NA NA NA NA NA NA NA NA NA NA NA NA NA NA NA NA NA NA NA NA NA NA NA NA NA NA NA NA NA NA NA NA NA NA NA NA NA NA NA NA NA NA NA NA NA NA NA NA NA NA NA NA NA NA NA NA NA NA NA NA NA NA NA NA NA NA NA NA NA NA NA NA NA NA NA NA NA NA NA NA NA NA NA NA NA NA NA NA NA NA NA NA NA 64 64 64.5 64 63.25 63 63 63 63 63 62.25 62 62 62 62 61 61 61 61 61 61 61.25 61.75 61.75 61.25 61 60.75 60.75 60 60.75 60.5 60.75 61.5 61.75 61 61 61.5 61 61 60.75 60 59.75 59 58.75 58.75 58.5 58.25 57.75 57 57.5 58 58 58 58 NA NA NA NA NA NA NA NA NA NA NA NA NA NA NA NA NA NA NA NA NA NA NA NA NA NA 
NA NA NA NA NA NA NA NA NA NA NA NA NA NA NA NA NA NA NA NA NA NA NA NA NA NA NA NA NA NA NA NA NA NA NA NA NA NA NA NA NA NA NA NA NA NA NA NA NA NA NA NA NA NA NA NA NA NA NA NA NA NA NA NA NA NA NA NA NA NA NA NA NA NA NA NA NA NA NA NA NA NA NA NA NA NA NA NA NA NA NA NA NA NA NA NA NA NA NA NA NA NA NA NA NA NA NA NA NA NA NA NA NA NA NA NA NA NA NA NA NA NA NA NA NA NA NA NA NA NA NA NA NA NA NA NA NA NA NA NA NA NA NA NA NA NA NA NA NA NA NA NA NA NA NA NA NA NA NA NA NA NA NA NA NA NA NA NA NA 65 64.25 64 63.75 63.75 63.25 63 63 63 63 62.75 62.25 62 62 62 61.5 61 61 61 61 60.75 61 61 61.5 61.75 62 61.75 62 61.5 61 60.75 60.25 60.5 60.75 61.5 61.75 61.75 61.5 61 60.75 61 60 59.5 59.5 59 59.25 59.75 58.75 57.75 57 57 56.75 58 58 58 NA NA NA NA NA NA NA NA NA NA NA NA NA NA NA NA NA NA NA NA NA NA NA NA NA NA NA 
NA NA NA NA NA NA NA NA NA NA NA NA NA NA NA NA NA NA NA NA NA NA NA NA NA NA NA NA NA NA NA NA NA NA NA NA NA NA NA NA NA NA NA NA NA NA NA NA NA NA NA NA NA NA NA NA NA NA NA NA NA NA NA NA NA NA NA NA NA NA NA NA NA NA NA NA NA NA NA NA NA NA NA NA NA NA NA NA NA NA NA NA NA NA NA NA NA NA NA NA NA NA NA NA NA NA NA NA NA NA NA NA NA NA NA NA NA NA NA NA NA NA NA NA NA NA NA NA NA NA NA NA NA NA NA NA NA NA NA NA NA NA NA NA NA NA NA NA NA NA NA NA NA NA NA NA NA NA NA NA NA NA NA NA NA NA NA NA 65 65 64 64 63.75 63 63 63 63 62.75 62.25 62 62 62 61.5 61.25 61 61 61 60.75 60.75 60.5 60.25 60.75 61.75 61.25 61.5 61.5 62 62.25 61.75 61.5 61.5 61.75 61.5 61.75 61 60.75 60.5 61 61 60.75 59.75 59.5 60 59 59 59 58.25 57 57 57 56.75 57 57.5 58 NA NA NA NA NA NA NA NA NA NA NA NA NA NA NA NA NA NA NA NA NA NA NA NA NA NA NA 
NA NA NA NA NA NA NA NA NA NA NA NA NA NA NA NA NA NA NA NA NA NA NA NA NA NA NA NA NA NA NA NA NA NA NA NA NA NA NA NA NA NA NA NA NA NA NA NA NA NA NA NA NA NA NA NA NA NA NA NA NA NA NA NA NA NA NA NA NA NA NA NA NA NA NA NA NA NA NA NA NA NA NA NA NA NA NA NA NA NA NA NA NA NA NA NA NA NA NA NA NA NA NA NA NA NA NA NA NA NA NA NA NA NA NA NA NA NA NA NA NA NA NA NA NA NA NA NA NA NA NA NA NA NA NA NA NA NA NA NA NA NA NA NA NA NA NA NA NA NA NA NA NA NA NA NA NA NA NA NA NA NA NA NA NA NA NA NA NA 64.33334 64 64 63.25 63 63 63 63 62 62 62 62 61.75 61 61 61 61 61 61 60.25 61 60.75 60.75 61.25 60.5 60 60 61 62 61.25 61 61.25 61.25 61 60.5 60.5 60.25 60 60.5 61 60 59.25 59.75 60 59.5 59.75 58.5 57.75 57 57 57 57 57.25 57 NA NA NA NA NA NA NA NA NA NA NA NA NA NA NA NA NA NA NA NA NA NA NA NA NA NA NA NA 
NA NA NA NA NA NA NA NA NA NA NA NA NA NA NA NA NA NA NA NA NA NA NA NA NA NA NA NA NA NA NA NA NA NA NA NA NA NA NA NA NA NA NA NA NA NA NA NA NA NA NA NA NA NA NA NA NA NA NA NA NA NA NA NA NA NA NA NA NA NA NA NA NA NA NA NA NA NA NA NA NA NA NA NA NA NA NA NA NA NA NA NA NA NA NA NA NA NA NA NA NA NA NA NA NA NA NA NA NA NA NA NA NA NA NA NA NA NA NA NA NA NA NA NA NA NA NA NA NA NA NA NA NA NA NA NA NA NA NA NA NA NA NA NA NA NA NA NA NA NA NA NA NA NA NA NA NA NA NA NA NA NA NA NA NA NA NA NA NA 65 64 63.75 63 63 63 63 62.5 62 62 61.5 61 61.25 61 60.5 61 61 60.75 61 60.5 60 60 60 60 59.75 60.5 60.5 61 61.25 61 60.25 60.5 60.5 60.25 60 60 59.5 59.75 59.5 59.75 60 60 60 59.75 60 59.5 58.5 57.5 57 56.75 56.5 56.25 57 56.33333 NA NA NA NA NA NA NA NA NA NA NA NA NA NA NA NA NA NA NA NA NA NA NA NA NA NA NA NA 
NA NA NA NA NA NA NA NA NA NA NA NA NA NA NA NA NA NA NA NA NA NA NA NA NA NA NA NA NA NA NA NA NA NA NA NA NA NA NA NA NA NA NA NA NA NA NA NA NA NA NA NA NA NA NA NA NA NA NA NA NA NA NA NA NA NA NA NA NA NA NA NA NA NA NA NA NA NA NA NA NA NA NA NA NA NA NA NA NA NA NA NA NA NA NA NA NA NA NA NA NA NA NA NA NA NA NA NA NA NA NA NA NA NA NA NA NA NA NA NA NA NA NA NA NA NA NA NA NA NA NA NA NA NA NA NA NA NA NA NA NA NA NA NA NA NA NA NA NA NA NA NA NA NA NA NA NA NA NA NA NA NA NA NA NA NA NA NA NA 63.75 63.5 63 63 63 63 62.25 62 62 62 61.5 61 61 61 60 60 60.5 60 60.25 60 60 59.5 59.5 59.5 59.25 59 59.25 60 59.25 59.5 59.5 59.5 60 60 60 60 59.25 59.75 59.75 59.25 60 59.5 59 58.75 58.5 58.5 58.25 58 56.5 56 56.25 56.33333 57 NA NA NA NA NA NA NA NA NA NA NA NA NA NA NA NA NA NA NA NA NA NA NA NA NA NA NA NA NA 
NA NA NA NA NA NA NA NA NA NA NA NA NA NA NA NA NA NA NA NA NA NA NA NA NA NA NA NA NA NA NA NA NA NA NA NA NA NA NA NA NA NA NA NA NA NA NA NA NA NA NA NA NA NA NA NA NA NA NA NA NA NA NA NA NA NA NA NA NA NA NA NA NA NA NA NA NA NA NA NA NA NA NA NA NA NA NA NA NA NA NA NA NA NA NA NA NA NA NA NA NA NA NA NA NA NA NA NA NA NA NA NA NA NA NA NA NA NA NA NA NA NA NA NA NA NA NA NA NA NA NA NA NA NA NA NA NA NA NA NA NA NA NA NA NA NA NA NA NA NA NA NA NA NA NA NA NA NA NA NA NA NA NA NA NA NA 64 NA 64 63.25 63 63 63 63 62.25 62 62 62 62 61.75 61.25 60.75 60.5 60.25 60 60 60 60 59.75 59 59 59 59 59 58.25 58.5 59.25 58.25 58.75 59.75 59.75 59.5 60.25 60 59.5 60 59 59.25 59.5 60 59.75 59.75 59 58.5 58.25 57.5 57.25 56.5 56.5 56.66667 NA NA NA NA NA NA NA NA NA NA NA NA NA NA NA NA NA NA NA NA NA NA NA NA NA NA NA NA NA NA NA 
NA NA NA NA NA NA NA NA NA NA NA NA NA NA NA NA NA NA NA NA NA NA NA NA NA NA NA NA NA NA NA NA NA NA NA NA NA NA NA NA NA NA NA NA NA NA NA NA NA NA NA NA NA NA NA NA NA NA NA NA NA NA NA NA NA NA NA NA NA NA NA NA NA NA NA NA NA NA NA NA NA NA NA NA NA NA NA NA NA NA NA NA NA NA NA NA NA NA NA NA NA NA NA NA NA NA NA NA NA NA NA NA NA NA NA NA NA NA NA NA NA NA NA NA NA NA NA NA NA NA NA NA NA NA NA NA NA NA NA NA NA NA NA NA NA NA NA NA NA NA NA NA NA NA NA NA NA NA NA NA NA NA NA 66 65.5 64.66666 64 64 63.75 63 63 63 62.5 62 62 62 62 61.75 62 61.75 61.25 60 60 60 60 60 60 59.75 59 59 59.25 59 58.5 59 58.5 58 58 58.75 59.25 59.25 59.75 60 60 60 60 60 59.33333 59 NA 59.5 59.25 58.75 58.5 57.5 56.75 57.25 56.75 56.5 57.33333 NA NA NA NA NA NA NA NA NA NA NA NA NA NA NA NA NA NA NA NA NA NA NA NA NA NA NA NA NA NA NA NA 
NA NA NA NA NA NA NA NA NA NA NA NA NA NA NA NA NA NA NA NA NA NA NA NA NA NA NA NA NA NA NA NA NA NA NA NA NA NA NA NA NA NA NA NA NA NA NA NA NA NA NA NA NA NA NA NA NA NA NA NA NA NA NA NA NA NA NA NA NA NA NA NA NA NA NA NA NA NA NA NA NA NA NA NA NA NA NA NA NA NA NA NA NA NA NA NA NA NA NA NA NA NA NA NA NA NA NA NA NA NA NA NA NA NA NA NA NA NA NA NA NA NA NA NA NA NA NA NA NA NA NA NA NA NA NA NA NA NA NA NA NA NA NA NA NA NA NA NA NA NA NA NA NA NA NA NA NA NA NA NA NA NA NA 65.75 65 64.25 64 63.5 63 63 63 62.25 62 62 62 62 61.25 61 61.5 61 60.25 60 60 60 60 59.75 59.25 59 59 59.5 59.75 59.5 59 59 58.75 58 58 58.25 58.25 58.75 59.5 60 60 59.5 59.25 60 NA NA NA 58 58.25 58 57.25 57.25 56.75 56.75 56.5 56.75 57 NA NA NA NA NA NA NA NA NA NA NA NA NA NA NA NA NA NA NA NA NA NA NA NA NA NA NA NA NA NA NA NA 
NA NA NA NA NA NA NA NA NA NA NA NA NA NA NA NA NA NA NA NA NA NA NA NA NA NA NA NA NA NA NA NA NA NA NA NA NA NA NA NA NA NA NA NA NA NA NA NA NA NA NA NA NA NA NA NA NA NA NA NA NA NA NA NA NA NA NA NA NA NA NA NA NA NA NA NA NA NA NA NA NA NA NA NA NA NA NA NA NA NA NA NA NA NA NA NA NA NA NA NA NA NA NA NA NA NA NA NA NA NA NA NA NA NA NA NA NA NA NA NA NA NA NA NA NA NA NA NA NA NA NA NA NA NA NA NA NA NA NA NA NA NA NA NA NA NA NA NA NA NA NA NA NA NA NA NA NA NA NA NA NA NA 64.5 64.75 64.5 64 64 64 63 62.25 62.25 62 62 62 62 61.25 61 61 61 60.5 60 60 60 60 59 58.75 59 NA NA 59 59.5 59.5 60 59.25 58.75 58.25 58 58 58.25 58 58.5 59.25 NA NA NA NA NA NA NA NA 58 57.75 57.5 57.5 57 57 57 56.66667 NA NA NA NA NA NA NA NA NA NA NA NA NA NA NA NA NA NA NA NA NA NA NA NA NA NA NA NA NA NA NA NA NA 
NA NA NA NA NA NA NA NA NA NA NA NA NA NA NA NA NA NA NA NA NA NA NA NA NA NA NA NA NA NA NA NA NA NA NA NA NA NA NA NA NA NA NA NA NA NA NA NA NA NA NA NA NA NA NA NA NA NA NA NA NA NA NA NA NA NA NA NA NA NA NA NA NA NA NA NA NA NA NA NA NA NA NA NA NA NA NA NA NA NA NA NA NA NA NA NA NA NA NA NA NA NA NA NA NA NA NA NA NA NA NA NA NA NA NA NA NA NA NA NA NA NA NA NA NA NA NA NA NA NA NA NA NA NA NA NA NA NA NA NA NA NA NA NA NA NA NA NA NA NA NA NA NA NA NA NA NA NA NA NA NA NA NA 64.33334 64 64 64 64 62.5 62 61.75 62 62 62 61.25 61 61 60.75 61 60.25 59.75 NA NA 58.5 58.25 59 59.75 NA NA NA NA 58.66667 59 59.25 59 58.25 58 57.5 58 58 58 NA NA NA NA NA NA NA NA NA NA 57.5 57.5 NA NA NA NA NA NA NA NA NA NA NA NA NA NA NA NA NA NA NA NA NA NA NA NA NA NA NA NA NA NA NA NA NA NA NA NA NA NA 
NA NA NA NA NA NA NA NA NA NA NA NA NA NA NA NA NA NA NA NA NA NA NA NA NA NA NA NA NA NA NA NA NA NA NA NA NA NA NA NA NA NA NA NA NA NA NA NA NA NA NA NA NA NA NA NA NA NA NA NA NA NA NA NA NA NA NA NA NA NA NA NA NA NA NA NA NA NA NA NA NA NA NA NA NA NA NA NA NA NA NA NA NA NA NA NA NA NA NA NA NA NA NA NA NA NA NA NA NA NA NA NA NA NA NA NA NA NA NA NA NA NA NA NA NA NA NA NA NA NA NA NA NA NA NA NA NA NA NA NA NA NA NA NA NA NA NA NA NA NA NA NA NA NA NA NA NA NA NA NA NA NA NA NA NA 64 63.25 63 62.25 61.5 61.25 62 62 61.25 61 61 60.25 60.5 60.66667 59.75 NA NA NA NA NA NA NA NA NA NA NA NA 58 NA NA 58 NA NA NA NA NA NA NA NA NA NA NA NA NA NA NA NA NA NA NA NA NA NA NA NA NA NA NA NA NA NA NA NA NA NA NA NA NA NA NA NA NA NA NA NA NA NA NA NA NA NA NA NA NA NA NA 
NA NA NA NA NA NA NA NA NA NA NA NA NA NA NA NA NA NA NA NA NA NA NA NA NA NA NA NA NA NA NA NA NA NA NA NA NA NA NA NA NA NA NA NA NA NA NA NA NA NA NA NA NA NA NA NA NA NA NA NA NA NA NA NA NA NA NA NA NA NA NA NA NA NA NA NA NA NA NA NA NA NA NA NA NA NA NA NA NA NA NA NA NA NA NA NA NA NA NA NA NA NA NA NA NA NA NA NA NA NA NA NA NA NA NA NA NA NA NA NA NA NA NA NA NA NA NA NA NA NA NA NA NA NA NA NA NA NA NA NA NA NA NA NA NA NA NA NA NA NA NA NA NA NA NA NA NA NA NA NA NA NA NA NA NA NA 63.25 62.5 62.25 61.25 61 61.5 61 61 61 60.5 60.5 60 NA NA NA NA NA NA NA NA NA NA NA NA NA NA NA NA NA NA NA NA NA NA NA NA NA NA NA NA NA NA NA NA NA NA NA NA NA NA NA NA NA NA NA NA NA NA NA NA NA NA NA NA NA NA NA NA NA NA NA NA NA NA NA NA NA NA NA NA NA NA NA NA NA 
NA NA NA NA NA NA NA NA NA NA NA NA NA NA NA NA NA NA NA NA NA NA NA NA NA NA NA NA NA NA NA NA NA NA NA NA NA NA NA NA NA NA NA NA NA NA NA NA NA NA NA NA NA NA NA NA NA NA NA NA NA NA NA NA NA NA NA NA NA NA NA NA NA NA NA NA NA NA NA NA NA NA NA NA NA NA NA NA NA NA NA NA NA NA NA NA NA NA NA NA NA NA NA NA NA NA NA NA NA NA NA NA NA NA NA NA NA NA NA NA NA NA NA NA NA NA NA NA NA NA NA NA NA NA NA NA NA NA NA NA NA NA NA NA NA NA NA NA NA NA NA NA NA NA NA NA NA NA NA NA NA NA NA NA NA NA 62.66667 62 62 61.75 61 61 61 61 60.66667 60.25 60 NA NA NA NA NA NA NA NA NA NA NA NA NA NA NA NA NA NA NA NA NA NA NA NA NA NA NA NA NA NA NA NA NA NA NA NA NA NA NA NA NA NA NA NA NA NA NA NA NA NA NA NA NA NA NA NA NA NA NA NA NA NA NA NA NA NA NA NA NA NA NA NA NA NA 
NA NA NA NA NA NA NA NA NA NA NA NA NA NA NA NA NA NA NA NA NA NA NA NA NA NA NA NA NA NA NA NA NA NA NA NA NA NA NA NA NA NA NA NA NA NA NA NA NA NA NA NA NA NA NA NA NA NA NA NA NA NA NA NA NA NA NA NA NA NA NA NA NA NA NA NA NA NA NA NA NA NA NA NA NA NA NA NA NA NA NA NA NA NA NA NA NA NA NA NA NA NA NA NA NA NA NA NA NA NA NA NA NA NA NA NA NA NA NA NA NA NA NA NA NA NA NA NA NA NA NA NA NA NA NA NA NA NA NA NA NA NA NA NA NA NA NA NA NA NA NA NA NA NA NA NA NA NA NA NA NA NA NA NA NA NA NA NA NA 61 60.5 60.25 61 60.25 NA NA NA NA NA NA NA NA NA NA NA NA NA NA NA NA NA NA NA NA NA NA NA NA NA NA NA NA NA NA NA NA NA NA NA NA NA NA NA NA NA NA NA NA NA NA NA NA NA NA NA NA NA NA NA NA NA NA NA NA NA NA NA NA NA NA NA NA NA NA NA NA NA NA NA NA NA 
